663;7;101
5;7;24
10;7;803
552;7;82
554;7;209
556;7;12
576;7;304
579;7;510
585;7;537
700;7;729
702;7;250
715;7;451
897;7;127
900;7;847
902;7;224
907;7;52
927;7;52
999;7;230
1002;7;90
1020;7;69
1022;7;43
1023;7;23
1045;7;90
1047;7;43
1049;7;60
1055;7;63
1057;7;52
1106;7;60
1108;7;99
1115;7;84
1116;7;83
1119;7;37
1133;7;11
1144;7;40
1150;7;40
153;7;35
663;39;11
663;12;1534
663;40;22
663;18;2
663;13;33
663;17;2
663;11;6
663;14;26
663;44;1012337920
5;39;4
5;12;52
5;18;1
5;13;6
5;11;3
5;16;1
5;44;647974784
10;39;73
10;12;4125
10;40;155
10;18;9
10;13;127
10;11;68
10;15;1
10;14;81
10;16;8
10;44;3562861312
552;39;11
552;12;1529
552;40;24
552;18;2
552;13;27
552;11;9
552;14;19
552;16;2
552;44;2850784512
554;39;33
554;12;6050
554;40;2
554;18;1
554;13;159
554;11;146
554;14;15
554;16;1
554;44;1423044736
556;39;3
556;12;142
556;40;2
556;13;3
556;11;3
556;14;5
556;44;3446832896
576;39;44
576;12;1611
576;40;140
576;18;3
576;13;35
576;11;23
576;14;89
576;16;3
576;44;2022757248
579;39;81
579;12;2996
579;40;227
579;13;86
579;11;15
579;14;123
579;44;1521359360
585;39;42
585;12;6627
585;40;105
585;18;1
585;13;211
585;11;43
585;14;173
585;16;1
585;44;1343208960
700;39;83
700;12;9084
700;40;183
700;18;3
700;13;222
700;11;67
700;14;208
700;16;3
700;44;1380211072
702;39;23
702;12;392
702;40;92
702;18;2
702;13;14
702;11;10
702;14;36
702;16;2
702;44;713749120
715;39;31
715;12;6649
715;40;228
715;18;2
715;13;171
715;11;101
715;14;61
715;16;2
715;44;2022114432
897;39;14
897;12;2354
897;40;47
897;13;59
897;11;25
897;14;16
897;44;2670316032
900;39;119
900;12;7754
900;40;73
900;18;7
900;13;228
900;11;149
900;14;107
900;16;7
900;44;1033037376
902;39;37
902;12;1437
902;40;88
902;18;4
902;13;38
902;11;15
902;14;9
902;16;4
902;44;3487559168
907;39;15
907;12;185
907;40;4
907;18;1
907;13;5
907;11;5
907;14;12
907;16;1
907;44;672088640
927;39;7
927;12;280
927;40;6
927;13;11
927;11;2
927;14;16
927;44;349762656
999;39;36
999;12;1436
999;40;79
999;18;10
999;13;47
999;11;25
999;14;37
999;16;10
999;44;2259013376
1002;39;13
1002;12;311
1002;40;38
1002;18;1
1002;13;12
1002;11;6
1002;14;17
1002;16;1
1002;44;3830413824
1020;39;11
1020;12;83
1020;40;15
1020;18;3
1020;13;4
1020;11;4
1020;14;20
1020;16;3
1020;44;2089333504
1022;39;8
1022;12;225
1022;40;3
1022;18;2
1022;13;9
1022;11;3
1022;14;7
1022;16;2
1022;44;1729270016
1023;39;4
1023;12;202
1023;40;8
1023;13;8
1023;11;2
1023;14;4
1023;44;1884900352
1045;39;16
1045;12;708
1045;40;22
1045;18;4
1045;13;17
1045;11;6
1045;14;14
1045;16;4
1045;44;1727739648
1047;39;3
1047;12;1985
1047;40;2
1047;13;37
1047;11;2
1047;14;1
1047;44;4024611328
1049;39;7
1049;12;1703
1049;40;8
1049;18;1
1049;13;37
1049;11;7
1049;14;5
1049;16;1
1049;44;1287779456
1055;39;6
1055;12;1871
1055;40;4
1055;18;2
1055;13;38
1055;11;4
1055;14;3
1055;16;2
1055;44;1445813248
1057;39;5
1057;12;1869
1057;40;4
1057;18;1
1057;13;37
1057;11;4
1057;14;3
1057;16;1
1057;44;3132402688
1106;39;11
1106;12;327
1106;40;5
1106;18;1
1106;13;12
1106;11;6
1106;14;1
1106;16;1
1106;44;1532234496
1108;39;22
1108;12;608
1108;40;8
1108;13;16
1108;11;9
1108;14;28
1108;44;425524128
1115;39;16
1115;12;743
1115;40;23
1115;18;4
1115;13;27
1115;11;20
1115;14;7
1115;16;4
1115;44;1166022784
1116;39;21
1116;12;285
1116;40;19
1116;18;3
1116;13;13
1116;11;7
1116;14;31
1116;16;3
1116;44;3882019328
1119;39;6
1119;12;205
1119;40;6
1119;13;8
1119;11;2
1119;14;1
1119;44;2248672512
1133;39;1
1133;12;45
1133;40;5
1133;13;2
1133;11;2
1133;14;4
1133;44;3914396928
1144;39;8
1144;12;205
1144;40;2
1144;18;1
1144;13;8
1144;11;2
1144;14;4
1144;16;1
1144;44;1725320960
1150;39;8
1150;12;313
1150;40;10
1150;18;2
1150;13;9
1150;11;2
1150;14;4
1150;16;2
1150;44;1756125568
153;39;8
153;40;27
153;44;2402342912
585;47;0.000001
585;34;0.062973
663;47;0.000001
663;34;0.062973
702;47;0.000001
702;34;0.062973
715;47;0.000001
715;8;1
715;34;0.062973
1224;84;4
1224;65;12
1224;68;2
1224;72;2
1224;81;16
897;47;0.000001
897;34;0.062973
10;47;0.000001
10;19;2
10;20;4
10;21;6
10;22;1
10;23;3
10;25;47
10;26;59
10;27;8
10;28;7
10;29;2
10;30;3
10;31;23
10;32;2
10;33;12
10;24;2.484907
10;34;0.127436
10;38;252.009033
1761;162;13
1761;129;13
1761;130;26
1761;131;14
1761;132;35
1761;133;13
1761;137;2
1761;138;2
1761;139;3
1761;140;6
1761;141;2
1761;142;7
1761;144;2
1761;145;1
1761;146;3
1761;147;3
1761;148;2
1761;134;1
1761;135;5
1761;164;6
1761;165;3
1761;166;4
1761;136;1.098612
1761;149;1
1761;150;3
1761;151;3
1761;152;2
1761;154;8
1761;155;16
1761;156;44
1761;163;24
1762;162;8
1762;129;10
1762;130;21
1762;131;13
1762;132;24
1762;133;14
1762;137;3
1762;138;2
1762;139;2
1762;140;6
1762;141;1
1762;142;5
1762;144;2
1762;145;1
1762;146;2
1762;147;2
1762;134;2
1762;135;3
1762;164;6
1762;165;3
1762;166;6
1762;136;1.386294
1762;149;1
1762;150;3
1762;151;4
1762;155;20
1762;156;40
1762;163;20
900;47;0.000001
900;8;10
900;34;0.062973
1282;84;6
1282;65;6
1282;81;32
1289;84;12
1289;65;12
1289;68;9
1289;72;9
1289;81;36
1299;84;6
1299;65;9
1299;68;4
1299;72;4
1299;78;2
1299;79;1
1299;81;520
1304;84;6
1304;65;7
1304;81;792
1309;84;4
1309;65;4
1309;68;2
1309;72;2
1309;78;1
1309;79;1
1309;81;16
1312;84;29
1312;65;50
1312;68;5
1312;72;5
1312;78;1
1312;79;1
1312;81;184
1337;84;30
1337;65;46
1337;68;5
1337;72;5
1337;78;1
1337;79;1
1337;81;184
1364;84;6
1364;65;6
1364;81;24
1368;84;5
1368;65;9
1368;68;3
1368;72;3
1368;78;2
1368;79;1
1368;81;14
1372;84;52
1372;65;82
1372;68;7
1372;72;7
1372;78;4
1372;79;1
1372;81;1888
907;47;0.000001
907;34;0.062973
902;47;0.000001
902;8;1
902;34;0.062973
1255;84;9
1255;65;9
1255;68;1
1255;72;1
1255;81;8
1258;84;5
1258;65;5
1258;68;2
1258;72;2
1258;78;1
1258;79;1
1258;81;4
927;47;0.000001
927;34;0.062973
999;47;0.000001
999;34;0.062973
1002;47;0.000001
1002;34;0.062973
1022;47;0.000001
1022;19;2
1022;20;2
1022;23;1
1022;25;10
1022;26;4
1022;27;2
1022;28;2
1022;30;2
1022;31;14
1022;33;4
1022;34;0.072977
1022;38;16.253496
1444;162;6
1444;129;6
1444;130;5
1444;131;3
1444;132;2
1444;133;2
1444;137;1
1444;138;1
1444;139;1
1444;140;3
1444;141;1
1444;142;2
1444;146;1
1444;147;1
1444;134;1
1444;135;1
1444;164;1
1444;165;1
1444;166;1
1444;151;1
1444;155;4
1444;156;20
1444;163;4
1445;162;8
1445;129;8
1445;130;5
1445;131;3
1445;132;2
1445;133;2
1445;137;1
1445;138;1
1445;139;1
1445;140;3
1445;141;1
1445;142;2
1445;146;1
1445;147;1
1445;134;1
1445;135;1
1445;164;1
1445;165;1
1445;166;1
1445;151;1
1445;155;2
1445;156;18
1445;163;2
1047;47;0.000001
1047;34;0.062973
1049;47;0.000001
1049;8;1
1049;34;0.062973
1449;84;4
1449;65;4
1449;68;2
1449;72;2
1449;81;16
1057;47;0.000001
1057;8;1
1057;34;0.062973
1452;84;4
1452;65;4
1452;68;2
1452;72;2
1452;81;16
1055;47;0.000001
1055;8;1
1055;34;0.062973
1455;84;4
1455;65;4
1455;81;32
1045;47;0.000001
1045;8;1
1045;34;0.062973
1462;84;3
1462;65;3
1462;68;1
1462;72;1
1462;78;1
1462;79;1
1462;81;8
1108;47;0.000001
1108;8;1
1108;34;0.062973
1499;84;4
1499;65;4
1499;68;1
1499;72;1
1499;78;1
1499;79;1
1499;81;128
1106;47;0.000001
1106;8;13
1106;34;0.062973
1502;84;1
1502;65;1
1502;68;1
1502;72;1
1502;81;1
1505;84;1
1505;65;1
1505;68;1
1505;72;1
1505;81;1
1508;84;1
1508;65;1
1508;68;1
1508;72;1
1508;81;1
1511;84;1
1511;65;1
1511;68;1
1511;72;1
1511;81;1
1514;84;1
1514;65;1
1514;68;1
1514;72;1
1514;81;1
1517;84;1
1517;65;1
1517;68;1
1517;72;1
1517;81;1
1520;84;1
1520;65;1
1520;68;1
1520;72;1
1520;81;1
1523;84;1
1523;65;1
1523;68;1
1523;72;1
1523;81;1
1526;84;1
1526;65;1
1526;68;1
1526;72;1
1526;81;1
1528;84;5
1528;65;5
1528;68;2
1528;72;2
1528;81;16
1532;84;1
1532;65;1
1532;68;1
1532;72;1
1532;81;1
1535;84;1
1535;65;1
1535;68;1
1535;72;1
1535;81;1
1538;84;1
1538;65;1
1538;68;1
1538;72;1
1538;81;1
1115;47;0.000001
1115;8;1
1115;34;0.062973
1546;84;7
1546;65;7
1546;68;5
1546;72;5
1546;81;32
1119;47;0.000001
1119;19;3
1119;20;2
1119;23;1
1119;25;19
1119;26;23
1119;27;3
1119;28;3
1119;31;15
1119;33;3
1119;34;0.073399
1119;38;45.874302
1540;162;5
1540;129;5
1540;130;4
1540;131;2
1540;132;5
1540;133;4
1540;137;1
1540;142;1
1540;146;1
1540;134;1
1540;135;1
1540;164;1
1540;165;1
1540;166;1
1540;151;1
1540;155;2
1540;163;2
1541;162;5
1541;129;5
1541;130;7
1541;131;4
1541;132;8
1541;133;6
1541;137;1
1541;138;1
1541;139;2
1541;140;2
1541;142;1
1541;146;1
1541;134;1
1541;135;1
1541;164;1
1541;165;1
1541;166;1
1541;151;1
1541;155;4
1541;156;4
1541;163;4
1542;162;5
1542;129;5
1542;130;8
1542;131;5
1542;132;10
1542;133;7
1542;137;1
1542;138;1
1542;139;2
1542;140;2
1542;142;1
1542;146;1
1542;134;1
1542;135;1
1542;164;1
1542;165;1
1542;166;1
1542;151;1
1542;155;8
1542;156;8
1542;163;8
1144;47;0.000001
1144;19;3
1144;23;1
1144;25;11
1144;26;18
1144;27;3
1144;28;3
1144;31;15
1144;33;3
1144;34;0.073108
1144;38;28.031580
1559;162;5
1559;129;5
1559;130;4
1559;131;4
1559;132;6
1559;133;4
1559;137;1
1559;142;1
1559;146;1
1559;134;1
1559;135;1
1559;164;1
1559;165;1
1559;166;1
1559;151;1
1559;155;4
1559;163;4
1560;162;5
1560;129;5
1560;130;3
1560;131;3
1560;132;4
1560;133;3
1560;137;1
1560;142;1
1560;146;1
1560;134;1
1560;135;1
1560;164;1
1560;165;1
1560;166;1
1560;151;1
1560;155;4
1560;163;4
1561;162;5
1561;129;5
1561;130;4
1561;131;4
1561;132;8
1561;133;4
1561;137;2
1561;142;1
1561;146;1
1561;134;1
1561;135;1
1561;164;1
1561;165;1
1561;166;1
1561;151;1
1561;155;8
1561;163;8
1150;47;0.000001
1150;34;0.062973
5;47;0.000001
5;19;3
5;20;3
5;23;1
5;25;13
5;26;5
5;27;3
5;29;3
5;30;3
5;31;15
5;32;3
5;33;6
5;34;0.073180
5;38;15.226040
5;42;6
5;43;63
1763;162;5
1763;129;5
1763;130;4
1763;131;4
1763;132;1
1763;133;1
1763;138;1
1763;139;1
1763;140;2
1763;141;1
1763;142;2
1763;146;1
1763;147;1
1763;148;1
1763;135;1
1763;164;1
1763;165;1
1763;166;1
1763;152;1
1763;154;10
1763;155;0
1763;156;16
1763;163;10
1764;162;5
1764;129;5
1764;130;5
1764;131;4
1764;132;3
1764;133;3
1764;138;1
1764;139;1
1764;140;3
1764;141;1
1764;142;2
1764;146;1
1764;147;1
1764;148;1
1764;135;1
1764;164;1
1764;165;1
1764;166;1
1764;152;1
1764;154;10
1764;155;0
1764;156;24
1764;163;10
1765;162;5
1765;129;5
1765;130;4
1765;131;4
1765;132;1
1765;133;1
1765;138;1
1765;139;1
1765;140;2
1765;141;1
1765;142;2
1765;146;1
1765;147;1
1765;148;1
1765;135;1
1765;164;1
1765;165;1
1765;166;1
1765;152;1
1765;154;10
1765;155;0
1765;156;16
1765;163;10
1022;48;2
20;7;22
20;39;2
20;12;46
20;13;5
20;11;2
20;44;370844160
20;47;0.000001
20;19;2
20;21;2
20;22;1
20;23;2
20;25;19
20;26;18
20;27;4
20;28;2
20;29;4
20;30;2
20;31;16
20;32;4
20;33;8
20;24;1.386294
20;34;0.097910
20;38;66.409569
1766;162;8
1766;129;8
1766;130;9
1766;131;4
1766;132;8
1766;133;7
1766;141;1
1766;142;4
1766;143;1
1766;146;2
1766;147;2
1766;148;2
1766;135;2
1766;164;2
1766;165;2
1766;166;2
1766;136;0.693147
1766;149;1
1766;150;1
1766;151;1
1766;152;2
1766;154;12
1766;155;0
1766;163;8
1767;162;8
1767;129;8
1767;130;10
1767;131;5
1767;132;10
1767;133;8
1767;141;1
1767;142;4
1767;143;1
1767;146;2
1767;147;2
1767;148;2
1767;135;2
1767;164;2
1767;165;2
1767;166;2
1767;136;0.693147
1767;149;1
1767;150;1
1767;151;1
1767;152;2
1767;154;12
1767;155;0
1767;163;8
23;7;23
23;39;3
23;12;46
23;13;5
23;11;2
23;44;1860295808
23;47;0.000001
23;19;3
23;20;2
23;21;1
23;22;1
23;23;2
23;25;16
23;26;9
23;27;4
23;28;1
23;29;2
23;30;4
23;31;16
23;32;2
23;33;7
23;24;0.693147
23;34;0.090788
23;38;22.906267
1768;162;5
1768;129;5
1768;130;4
1768;131;4
1768;132;2
1768;133;2
1768;137;1
1768;141;1
1768;142;2
1768;146;1
1768;147;1
1768;148;1
1768;135;1
1768;164;1
1768;165;1
1768;166;1
1768;152;1
1768;154;28
1768;155;4
1768;163;32
1769;162;7
1769;129;7
1769;130;8
1769;131;4
1769;132;5
1769;133;5
1769;137;1
1769;141;1
1769;142;3
1769;144;1
1769;146;2
1769;147;2
1769;148;1
1769;135;2
1769;164;3
1769;165;2
1769;166;3
1769;136;0.693147
1769;149;1
1769;150;1
1769;151;1
1769;152;1
1769;154;28
1769;155;4
1769;163;32
1770;162;4
1770;129;4
1770;130;4
1770;131;3
1770;132;2
1770;133;1
1770;138;2
1770;139;2
1770;140;2
1770;141;2
1770;142;2
1770;146;1
1770;147;1
1770;135;1
1770;164;1
1770;165;1
1770;166;1
1770;155;0
1770;156;8
1770;163;0
27;7;24
28;7;183
1774;7;12
1776;7;80
1778;7;2
27;39;3
27;12;70
27;18;1
27;13;6
27;11;3
27;16;1
27;44;370404288
28;39;21
28;12;875
28;40;56
28;18;9
28;13;23
28;11;6
28;15;1
28;14;7
28;16;8
28;44;346091648
1774;39;4
1774;12;80
1774;40;2
1774;18;2
1774;13;2
1774;11;2
1774;14;1
1774;16;2
1774;44;3218044416
1776;39;8
1776;12;1499
1776;40;20
1776;18;4
1776;13;33
1776;11;7
1776;14;2
1776;16;4
1776;44;3014419712
1778;12;111
1778;13;2
1778;11;1
1778;44;1760809344
1774;47;0.000001
1774;34;0.062973
1776;47;0.000001
1776;34;0.062973
28;47;0.000001
28;34;0.062973
27;47;0.000001
27;19;2
27;20;4
27;23;1
27;25;21
27;26;6
27;27;2
27;29;4
27;30;5
27;31;16
27;32;4
27;33;9
27;34;0.073376
27;38;46.114288
27;42;6
27;43;34
1843;162;7
1843;129;7
1843;130;9
1843;131;8
1843;132;2
1843;133;1
1843;137;1
1843;138;2
1843;139;2
1843;140;5
1843;141;2
1843;142;4
1843;146;1
1843;147;1
1843;148;2
1843;135;1
1843;164;1
1843;165;1
1843;166;1
1843;152;2
1843;154;1032
1843;155;8
1843;156;40
1843;163;1040
1844;162;8
1844;129;9
1844;130;12
1844;131;9
1844;132;4
1844;133;3
1844;137;1
1844;138;2
1844;139;2
1844;140;5
1844;141;3
1844;142;5
1844;146;1
1844;147;1
1844;148;2
1844;135;1
1844;164;1
1844;165;1
1844;166;1
1844;152;2
1844;154;1032
1844;155;8
1844;156;40
1844;163;1040
28;48;1
33;7;18
33;39;2
33;12;46
33;13;5
33;11;2
33;44;637523008
33;47;0.000001
33;19;2
33;23;1
33;25;21
33;26;15
33;27;2
33;29;4
33;30;2
33;31;12
33;32;4
33;33;6
33;34;0.073376
33;38;62.556568
1845;162;6
1845;129;6
1845;130;10
1845;131;5
1845;132;5
1845;133;5
1845;141;1
1845;142;3
1845;146;1
1845;147;1
1845;148;2
1845;135;1
1845;164;1
1845;165;1
1845;166;1
1845;152;2
1845;154;24
1845;155;0
1845;163;24
1846;162;6
1846;129;6
1846;130;11
1846;131;5
1846;132;10
1846;133;7
1846;141;1
1846;142;3
1846;146;1
1846;147;1
1846;148;2
1846;135;1
1846;164;1
1846;165;1
1846;166;1
1846;152;2
1846;154;24
1846;155;0
1846;163;24
36;7;11
37;7;5
36;39;2
36;12;47
36;18;1
36;13;5
36;11;2
36;15;1
36;44;2470059264
37;40;1
37;44;1449844224
37;47;0.000001
37;34;0.062973
36;47;0.000001
36;19;1
36;20;1
36;23;1
36;25;4
36;26;1
36;27;1
36;28;1
36;29;1
36;31;4
36;32;1
36;33;2
36;34;0.072665
36;38;10
36;42;1
36;43;1
1851;162;4
1851;129;4
1851;130;4
1851;131;3
1851;132;1
1851;133;1
1851;138;1
1851;139;1
1851;140;2
1851;142;2
1851;146;1
1851;148;1
1851;134;1
1851;135;1
1851;164;1
1851;165;1
1851;166;1
1851;151;1
1851;152;1
1851;154;4
1851;155;0
1851;156;12
1851;163;4
40;7;22
40;39;2
40;12;47
40;13;5
40;11;2
40;44;3447757312
40;47;0.000001
40;19;2
40;21;3
40;22;1
40;23;3
40;25;20
40;26;11
40;27;5
40;28;5
40;29;4
40;30;2
40;31;16
40;32;4
40;33;11
40;24;1.791760
40;34;0.116967
40;38;52.658665
1852;162;7
1852;129;7
1852;130;9
1852;131;5
1852;132;5
1852;133;5
1852;141;1
1852;142;5
1852;143;1
1852;146;2
1852;147;2
1852;148;2
1852;134;1
1852;135;2
1852;164;2
1852;165;2
1852;166;2
1852;136;0.693147
1852;149;1
1852;150;1
1852;151;2
1852;152;2
1852;154;8
1852;155;0
1852;163;4
1853;162;9
1853;129;9
1853;130;11
1853;131;5
1853;132;6
1853;133;6
1853;141;1
1853;142;6
1853;143;1
1853;144;1
1853;146;3
1853;147;3
1853;148;2
1853;134;1
1853;135;3
1853;164;3
1853;165;3
1853;166;3
1853;136;1.098612
1853;149;1
1853;150;2
1853;151;3
1853;152;2
1853;154;8
1853;155;0
1853;163;4
43;7;10
43;39;1
43;12;54
43;13;5
43;11;2
43;44;1699363584
43;47;0.000001
43;19;1
43;23;1
43;25;4
43;26;1
43;27;1
43;29;1
43;30;1
43;31;5
43;32;1
43;33;2
43;34;0.072665
43;38;11.609640
1854;162;5
1854;129;5
1854;130;4
1854;131;4
1854;132;1
1854;133;1
1854;141;1
1854;142;2
1854;146;1
1854;147;1
1854;148;1
1854;135;1
1854;164;1
1854;165;1
1854;166;1
1854;152;1
1854;154;8
1854;155;0
1854;163;8
45;7;14
46;7;10
45;39;2
45;12;60
45;18;2
45;13;6
45;11;3
45;15;2
45;44;2400225536
46;39;4
46;40;1
46;44;2560325632
46;47;0.000001
46;34;0.062973
45;47;0.000001
45;19;1
45;20;2
45;23;1
45;25;7
45;26;2
45;27;1
45;29;1
45;30;2
45;31;6
45;32;1
45;33;3
45;34;0.072773
45;38;25.266193
45;42;1
45;43;2
1861;162;6
1861;129;6
1861;130;7
1861;131;6
1861;132;2
1861;133;1
1861;138;2
1861;139;2
1861;140;2
1861;141;2
1861;142;3
1861;146;1
1861;147;1
1861;148;1
1861;135;1
1861;164;1
1861;165;1
1861;166;1
1861;152;1
1861;154;8
1861;155;0
1861;156;16
1861;163;8
50;7;38
1862;7;86
1865;7;261
1866;7;1958
1921;7;61
1930;7;33
53;7;345
2150;7;20
2152;7;21
2155;7;90
2157;7;39
2192;7;110
50;39;2
50;12;287
50;18;1
50;13;24
50;11;3
50;16;1
50;44;1037421888
1862;39;12
1862;12;1152
1862;40;17
1862;18;2
1862;13;26
1862;11;24
1862;14;1
1862;16;2
1862;44;1513465472
1865;39;35
1865;12;2047
1865;40;95
1865;18;3
1865;13;47
1865;11;39
1865;14;4
1865;16;3
1865;44;3726156032
1866;39;467
1866;12;28322
1866;40;306
1866;18;2
1866;13;655
1866;11;575
1866;14;443
1866;16;2
1866;44;3029201920
1921;39;15
1921;12;1479
1921;40;7
1921;13;30
1921;11;27
1921;14;9
1921;44;3266081024
1930;39;7
1930;12;1197
1930;40;2
1930;13;23
1930;11;20
1930;14;1
1930;44;3989335040
53;39;31
53;12;735
53;40;100
53;18;10
53;13;28
53;11;19
53;15;1
53;14;11
53;16;9
53;44;701919616
2150;39;3
2150;12;212
2150;40;6
2150;13;8
2150;11;2
2150;14;1
2150;44;3616352000
2152;39;6
2152;12;181
2152;40;6
2152;18;2
2152;13;4
2152;11;3
2152;15;1
2152;14;2
2152;16;1
2152;44;653304832
2155;39;11
2155;12;196
2155;40;37
2155;18;2
2155;13;8
2155;11;2
2155;14;16
2155;16;2
2155;44;121092800
2157;39;6
2157;12;512
2157;40;2
2157;13;16
2157;11;3
2157;14;15
2157;44;3177207808
2192;39;22
2192;12;1360
2192;40;23
2192;18;3
2192;13;28
2192;11;25
2192;14;2
2192;16;3
2192;44;418759232
1866;47;0.000001
1866;34;0.062973
2150;47;0.000001
2150;34;0.062973
2155;47;0.000001
2155;34;0.062973
53;47;0.000001
53;8;3
53;34;0.062973
2208;84;5
2208;65;5
2208;68;2
2208;72;2
2208;81;8
2211;84;5
2211;65;5
2211;68;2
2211;72;2
2211;81;16
2214;84;5
2214;65;5
2214;68;2
2214;72;2
2214;81;16
2192;47;0.000001
2192;19;7
2192;20;5
2192;23;1
2192;25;18
2192;26;11
2192;27;9
2192;28;7
2192;31;19
2192;33;7
2192;34;0.073744
2192;38;8.040204
2338;162;2
2338;129;2
2338;130;2
2338;131;2
2338;132;1
2338;133;1
2338;137;1
2338;138;1
2338;139;1
2338;140;1
2338;142;1
2338;146;1
2338;134;1
2338;135;1
2338;164;1
2338;165;1
2338;166;1
2338;151;1
2338;155;8
2338;156;8
2338;163;8
2339;162;2
2339;129;2
2339;130;2
2339;131;2
2339;132;1
2339;133;1
2339;137;1
2339;138;1
2339;139;1
2339;140;1
2339;142;1
2339;146;1
2339;134;1
2339;135;1
2339;164;1
2339;165;1
2339;166;1
2339;151;1
2339;155;8
2339;156;8
2339;159;1
2339;163;8
2341;162;3
2341;129;3
2341;130;2
2341;131;2
2341;132;1
2341;133;1
2341;137;1
2341;138;1
2341;139;1
2341;140;1
2341;142;1
2341;146;1
2341;134;1
2341;135;1
2341;164;1
2341;165;1
2341;166;1
2341;151;1
2341;155;8
2341;156;8
2341;163;8
2342;162;3
2342;129;3
2342;130;2
2342;131;2
2342;132;1
2342;133;1
2342;137;1
2342;138;1
2342;139;1
2342;140;1
2342;142;1
2342;146;1
2342;134;1
2342;135;1
2342;164;1
2342;165;1
2342;166;1
2342;151;1
2342;155;4
2342;156;4
2342;163;4
2343;162;3
2343;129;3
2343;130;2
2343;131;2
2343;132;1
2343;133;1
2343;137;1
2343;138;1
2343;139;1
2343;140;1
2343;142;1
2343;146;1
2343;134;1
2343;135;1
2343;164;1
2343;165;1
2343;166;1
2343;151;1
2343;155;8
2343;156;8
2343;163;8
2344;162;2
2344;129;2
2344;130;4
2344;131;2
2344;132;3
2344;133;3
2344;137;1
2344;142;1
2344;146;1
2344;134;1
2344;135;2
2344;164;2
2344;165;2
2344;166;2
2344;151;1
2344;155;8
2344;163;8
2345;162;4
2345;129;4
2345;130;4
2345;131;2
2345;132;3
2345;133;3
2345;137;1
2345;142;1
2345;146;1
2345;134;1
2345;135;2
2345;164;2
2345;165;2
2345;166;2
2345;151;1
2345;155;8
2345;163;8
1865;47;0.000001
1865;19;2
1865;20;1
1865;23;1
1865;25;10
1865;26;7
1865;27;2
1865;28;2
1865;29;1
1865;30;2
1865;31;5
1865;32;1
1865;33;5
1865;34;0.072977
1865;38;24.604513
2378;162;2
2378;129;2
2378;130;3
2378;131;3
2378;132;1
2378;133;1
2378;137;2
2378;138;1
2378;139;1
2378;140;2
2378;142;1
2378;146;1
2378;134;1
2378;135;1
2378;164;1
2378;165;1
2378;166;1
2378;151;1
2378;155;16
2378;156;16
2378;163;16
2383;162;3
2383;129;3
2383;130;7
2383;131;5
2383;132;6
2383;133;4
2383;137;2
2383;141;2
2383;142;4
2383;146;1
2383;147;1
2383;148;1
2383;134;1
2383;135;1
2383;164;1
2383;165;1
2383;166;1
2383;151;1
2383;152;1
2383;154;16
2383;155;16
2383;163;32
1862;47;0.000001
1862;34;0.062973
50;47;0.000001
50;8;2
50;19;1
50;20;2
50;21;1
50;23;2
50;25;7
50;26;9
50;27;2
50;28;2
50;29;1
50;30;2
50;31;6
50;32;1
50;33;5
50;24;0.693147
50;34;0.090161
50;38;57.359402
50;42;8
50;43;41
2434;84;3
2434;65;3
2434;68;1
2434;72;1
2434;78;1
2434;79;1
2434;81;8
2437;84;3
2437;65;3
2437;68;1
2437;72;1
2437;81;8
2439;162;6
2439;129;6
2439;130;7
2439;131;6
2439;132;9
2439;133;6
2439;138;2
2439;139;2
2439;140;2
2439;141;2
2439;142;5
2439;144;1
2439;146;2
2439;147;1
2439;148;1
2439;134;1
2439;135;2
2439;164;2
2439;165;2
2439;166;2
2439;136;0.693147
2439;150;1
2439;151;2
2439;152;1
2439;154;8
2439;155;0
2439;156;16
2439;163;8
53;48;1
52;7;34
52;39;4
52;18;3
52;15;2
52;16;1
52;44;448233568
52;47;0.000001
52;19;4
52;20;5
52;21;5
52;22;1
52;23;3
52;25;24
52;26;13
52;27;7
52;28;8
52;29;3
52;30;2
52;31;27
52;32;3
52;33;13
52;24;1.791760
52;34;0.117479
52;38;27.431101
52;42;8
52;43;43
2440;162;11
2440;129;11
2440;130;8
2440;131;6
2440;132;5
2440;133;3
2440;137;1
2440;138;3
2440;139;3
2440;140;1
2440;142;5
2440;144;2
2440;145;2
2440;146;3
2440;134;3
2440;135;3
2440;164;3
2440;165;3
2440;166;3
2440;136;1.098612
2440;150;4
2440;151;5
2440;155;4
2440;156;4
2440;163;4
2441;162;8
2441;129;8
2441;130;10
2441;131;5
2441;132;5
2441;133;5
2441;137;2
2441;141;1
2441;142;5
2441;143;1
2441;146;2
2441;147;2
2441;148;2
2441;134;1
2441;135;2
2441;164;2
2441;165;2
2441;166;2
2441;136;0.693147
2441;149;1
2441;150;1
2441;151;2
2441;152;2
2441;154;8
2441;155;12
2441;163;16
2442;162;4
2442;129;4
2442;130;2
2442;131;2
2442;132;1
2442;133;1
2442;137;1
2442;138;1
2442;139;1
2442;140;1
2442;141;1
2442;142;1
2442;146;1
2442;147;1
2442;135;1
2442;164;1
2442;165;1
2442;166;1
2442;155;8
2442;156;8
2442;163;8
2443;162;4
2443;129;4
2443;130;4
2443;131;3
2443;132;2
2443;133;2
2443;138;1
2443;139;1
2443;140;1
2443;142;2
2443;146;1
2443;148;1
2443;134;1
2443;135;1
2443;164;1
2443;165;1
2443;166;1
2443;151;1
2443;152;1
2443;154;8
2443;155;0
2443;156;8
2443;163;8
62;7;35
2444;7;2
62;39;6
62;18;2
62;15;2
62;44;287798176
2444;44;2715270656
2444;47;0.000001
2444;34;0.062973
62;47;0.000001
62;10;2
62;19;5
62;21;3
62;23;2
62;25;11
62;26;6
62;27;7
62;28;9
62;30;1
62;31;25
62;33;10
62;35;5
62;24;1.386294
62;34;0.097903
62;38;6.203910
62;41;8
62;42;1
62;43;2
2449;162;3
2449;129;3
2449;130;1
2449;131;1
2449;142;1
2449;146;1
2449;134;1
2449;135;1
2449;164;1
2449;165;1
2449;166;1
2449;151;1
2449;155;0
2449;163;0
2450;162;3
2450;129;3
2450;130;1
2450;131;1
2450;132;1
2450;133;1
2450;142;1
2450;146;1
2450;134;1
2450;135;1
2450;164;1
2450;165;1
2450;166;1
2450;151;1
2450;153;1
2450;155;0
2450;160;1
2450;163;0
2451;162;9
2451;129;9
2451;130;5
2451;131;4
2451;132;3
2451;133;2
2451;137;1
2451;142;4
2451;144;1
2451;145;1
2451;146;2
2451;134;3
2451;135;2
2451;164;2
2451;165;2
2451;166;2
2451;136;0.693147
2451;150;2
2451;151;4
2451;153;2
2451;155;4
2451;160;2
2451;163;4
2452;162;4
2452;129;4
2452;130;1
2452;131;1
2452;132;1
2452;133;1
2452;137;1
2452;141;1
2452;142;1
2452;146;1
2452;147;1
2452;135;1
2452;164;1
2452;165;1
2452;166;1
2452;155;8
2452;163;8
2453;162;6
2453;129;6
2453;130;3
2453;131;2
2453;132;1
2453;133;1
2453;142;3
2453;144;1
2453;146;2
2453;134;2
2453;135;2
2453;164;2
2453;165;2
2453;166;2
2453;136;0.693147
2453;150;1
2453;151;3
2453;153;2
2453;155;0
2453;160;2
2453;163;0
69;7;81
70;7;29
69;39;24
69;12;633
69;18;1
69;13;22
69;11;22
69;15;1
69;44;212073232
70;44;3079176192
70;47;0.000001
70;34;0.062973
69;47;0.000001
69;19;1
69;20;29
69;23;1
69;25;37
69;26;30
69;27;1
69;28;1
69;29;2
69;30;29
69;31;79
69;32;2
69;33;32
69;34;0.073866
69;38;343.661957
69;42;1
69;43;1
2483;162;34
2483;129;79
2483;130;37
2483;131;34
2483;132;30
2483;133;1
2483;138;29
2483;139;30
2483;140;5
2483;141;29
2483;142;32
2483;146;1
2483;147;1
2483;148;2
2483;134;1
2483;135;1
2483;164;1
2483;165;1
2483;166;1
2483;151;1
2483;152;2
2483;154;12
2483;155;0
2483;156;32
2483;163;12
101;7;18
101;39;3
101;12;42
101;18;2
101;13;5
101;11;2
101;15;1
101;16;1
101;44;1760442496
101;47;0.000001
101;19;2
101;20;3
101;21;1
101;22;1
101;23;2
101;25;10
101;26;6
101;27;3
101;28;1
101;29;1
101;30;3
101;31;9
101;32;1
101;33;5
101;24;0.693147
101;34;0.090408
101;38;23.969976
101;42;8
101;43;42
2484;162;3
2484;129;3
2484;130;2
2484;131;2
2484;132;1
2484;133;1
2484;137;1
2484;138;1
2484;139;1
2484;140;1
2484;141;1
2484;142;1
2484;146;1
2484;147;1
2484;135;1
2484;164;1
2484;165;1
2484;166;1
2484;155;8
2484;156;8
2484;163;8
2485;162;6
2485;129;6
2485;130;8
2485;131;6
2485;132;5
2485;133;4
2485;137;1
2485;138;2
2485;139;2
2485;140;1
2485;141;2
2485;142;4
2485;143;1
2485;146;2
2485;147;1
2485;148;1
2485;135;2
2485;164;2
2485;165;2
2485;166;2
2485;136;0.693147
2485;149;1
2485;150;1
2485;151;1
2485;152;1
2485;154;4
2485;155;8
2485;156;8
2485;163;8
106;7;20
106;39;4
106;12;55
106;18;1
106;13;5
106;11;2
106;15;1
106;44;2489286656
106;47;0.000001
106;10;1
106;19;2
106;20;2
106;21;1
106;22;1
106;23;2
106;25;7
106;26;6
106;27;3
106;28;1
106;29;2
106;30;2
106;31;10
106;32;2
106;33;5
106;24;0.693147
106;34;0.090276
106;38;16.802256
106;41;4
106;42;1
106;43;1
2487;162;4
2487;129;4
2487;130;3
2487;131;3
2487;132;3
2487;133;3
2487;138;1
2487;139;1
2487;141;1
2487;142;2
2487;146;1
2487;147;1
2487;148;1
2487;135;1
2487;164;1
2487;165;1
2487;166;1
2487;152;1
2487;154;8
2487;155;0
2487;163;8
2488;162;6
2488;129;6
2488;130;4
2488;131;3
2488;132;3
2488;133;3
2488;138;1
2488;139;1
2488;141;1
2488;142;3
2488;144;1
2488;146;2
2488;147;2
2488;148;1
2488;135;2
2488;164;2
2488;165;2
2488;166;2
2488;136;0.693147
2488;149;1
2488;150;1
2488;151;1
2488;152;1
2488;154;8
2488;155;0
2488;163;8
110;7;34
110;39;3
110;12;75
110;13;6
110;11;3
110;44;407809600
110;47;0.000001
110;10;1
110;19;2
110;21;6
110;22;1
110;23;2
110;25;18
110;26;10
110;27;6
110;28;4
110;29;2
110;30;6
110;31;26
110;32;2
110;33;12
110;35;4
110;24;2.772589
110;34;0.113564
110;38;36.189476
110;41;4
2490;162;12
2490;129;13
2490;130;9
2490;131;3
2490;132;5
2490;133;3
2490;141;3
2490;142;6
2490;144;2
2490;145;1
2490;146;2
2490;147;1
2490;148;1
2490;135;3
2490;164;3
2490;165;3
2490;166;3
2490;136;1.386294
2490;149;1
2490;150;3
2490;151;2
2490;152;1
2490;153;2
2490;154;8
2490;155;0
2490;160;2
2490;163;8
2491;162;12
2491;129;13
2491;130;9
2491;131;3
2491;132;5
2491;133;3
2491;141;3
2491;142;6
2491;144;2
2491;145;1
2491;146;2
2491;147;2
2491;148;1
2491;135;3
2491;164;3
2491;165;3
2491;166;3
2491;136;1.386294
2491;149;1
2491;150;3
2491;151;2
2491;152;1
2491;153;2
2491;154;8
2491;155;0
2491;160;2
2491;163;8
113;7;14
113;39;2
113;12;55
113;18;1
113;13;5
113;11;2
113;15;1
113;44;886687360
113;47;0.000001
113;19;1
113;21;1
113;22;1
113;23;2
113;25;7
113;26;5
113;27;2
113;28;1
113;29;1
113;30;2
113;31;7
113;32;1
113;33;4
113;35;2
113;24;0.693147
113;34;0.090161
113;38;38.039101
113;42;1
113;43;1
2492;162;7
2492;129;7
2492;130;7
2492;131;5
2492;132;5
2492;133;4
2492;141;2
2492;142;4
2492;144;1
2492;146;2
2492;147;1
2492;148;1
2492;135;2
2492;164;2
2492;165;2
2492;166;2
2492;136;0.693147
2492;149;1
2492;150;1
2492;151;1
2492;152;1
2492;153;2
2492;154;8
2492;155;0
2492;160;2
2492;163;8
115;7;12
115;39;3
115;12;55
115;18;1
115;13;5
115;11;2
115;15;1
115;44;2769918208
115;47;0.000001
115;19;1
115;20;1
115;23;1
115;25;4
115;26;3
115;27;1
115;29;1
115;30;1
115;31;4
115;32;1
115;33;2
115;34;0.072665
115;38;19.651484
115;42;1
115;43;1
2493;162;4
2493;129;4
2493;130;4
2493;131;4
2493;132;3
2493;133;3
2493;137;1
2493;138;1
2493;139;1
2493;140;1
2493;141;1
2493;142;2
2493;146;1
2493;147;1
2493;148;1
2493;135;1
2493;164;1
2493;165;1
2493;166;1
2493;152;1
2493;154;8
2493;155;4
2493;156;4
2493;163;12
118;7;21
118;39;3
118;12;44
118;18;2
118;13;4
118;11;1
118;16;2
118;44;3232795904
118;47;0.000001
118;19;2
118;20;4
118;23;1
118;25;15
118;26;4
118;27;2
118;29;2
118;30;4
118;31;12
118;32;2
118;33;6
118;34;0.073158
118;38;27.633097
118;42;6
118;43;77
2494;162;6
2494;129;6
2494;130;7
2494;131;6
2494;132;2
2494;133;1
2494;138;2
2494;139;2
2494;140;4
2494;141;2
2494;142;3
2494;146;1
2494;147;1
2494;148;1
2494;135;1
2494;164;1
2494;165;1
2494;166;1
2494;152;1
2494;154;20
2494;155;0
2494;156;44
2494;163;20
2495;162;6
2495;129;6
2495;130;8
2495;131;7
2495;132;2
2495;133;1
2495;138;2
2495;139;2
2495;140;4
2495;141;2
2495;142;3
2495;146;1
2495;147;1
2495;148;1
2495;135;1
2495;164;1
2495;165;1
2495;166;1
2495;152;1
2495;154;20
2495;155;0
2495;156;44
2495;163;20
125;7;28
125;39;4
125;12;50
125;18;2
125;13;5
125;11;2
125;16;2
125;44;393906016
125;47;0.000001
125;19;3
125;20;6
125;21;1
125;22;1
125;23;2
125;25;24
125;26;10
125;27;4
125;28;1
125;29;2
125;30;7
125;31;18
125;32;2
125;33;10
125;24;0.693147
125;34;0.091143
125;38;35.989105
125;42;6
125;43;77
2496;162;5
2496;129;5
2496;130;6
2496;131;5
2496;132;2
2496;133;1
2496;137;1
2496;138;2
2496;139;2
2496;140;4
2496;141;2
2496;142;2
2496;146;1
2496;147;1
2496;135;1
2496;164;1
2496;165;1
2496;166;1
2496;155;8
2496;156;32
2496;163;8
2497;162;5
2497;129;5
2497;130;6
2497;131;5
2497;132;2
2497;133;1
2497;137;1
2497;138;2
2497;139;2
2497;140;4
2497;141;2
2497;142;2
2497;146;1
2497;147;1
2497;135;1
2497;164;1
2497;165;1
2497;166;1
2497;155;8
2497;156;32
2497;163;8
2498;162;8
2498;129;8
2498;130;12
2498;131;8
2498;132;6
2498;133;5
2498;138;2
2498;139;2
2498;140;2
2498;141;3
2498;142;6
2498;143;1
2498;146;2
2498;147;1
2498;148;2
2498;135;2
2498;164;2
2498;165;2
2498;166;2
2498;136;0.693147
2498;149;1
2498;150;1
2498;151;1
2498;152;2
2498;154;24
2498;155;0
2498;156;16
2498;163;20
129;7;18
129;39;2
129;12;50
129;13;5
129;11;2
129;44;992893056
129;47;0.000001
129;19;2
129;23;1
129;25;17
129;26;20
129;27;2
129;29;4
129;30;2
129;31;12
129;32;4
129;33;6
129;34;0.073231
129;38;65.317558
2499;162;6
2499;129;6
2499;130;6
2499;131;4
2499;132;10
2499;133;7
2499;141;1
2499;142;3
2499;146;1
2499;147;1
2499;148;2
2499;135;1
2499;164;1
2499;165;1
2499;166;1
2499;152;2
2499;154;24
2499;155;0
2499;163;24
2500;162;6
2500;129;6
2500;130;11
2500;131;5
2500;132;10
2500;133;7
2500;141;1
2500;142;3
2500;146;1
2500;147;1
2500;148;2
2500;135;1
2500;164;1
2500;165;1
2500;166;1
2500;152;2
2500;154;24
2500;155;0
2500;163;24
132;7;27
132;39;5
132;12;49
132;18;1
132;13;5
132;11;2
132;16;1
132;44;1348766080
132;47;0.000001
132;8;2
132;19;2
132;20;3
132;21;1
132;22;2
132;23;2
132;25;13
132;26;10
132;27;4
132;28;2
132;29;2
132;30;2
132;31;11
132;32;2
132;33;6
132;24;0.693147
132;34;0.090540
132;38;38.227070
132;42;8
132;43;41
2501;84;3
2501;65;3
2501;68;1
2501;72;1
2501;81;4
2503;84;3
2503;65;3
2503;68;1
2503;72;1
2503;78;1
2503;79;1
2503;81;8
2505;162;3
2505;129;3
2505;130;3
2505;131;3
2505;132;3
2505;133;3
2505;137;1
2505;142;1
2505;146;1
2505;148;1
2505;135;2
2505;164;2
2505;165;2
2505;166;2
2505;152;1
2505;154;4
2505;155;8
2505;163;12
2506;162;8
2506;129;8
2506;130;10
2506;131;7
2506;132;7
2506;133;5
2506;138;3
2506;139;3
2506;140;3
2506;141;2
2506;142;5
2506;144;1
2506;146;2
2506;147;2
2506;148;1
2506;134;1
2506;135;2
2506;164;2
2506;165;2
2506;166;2
2506;136;0.693147
2506;149;2
2506;150;1
2506;151;2
2506;152;1
2506;154;8
2506;155;0
2506;156;24
2506;163;8
135;7;13
135;39;1
135;12;53
135;13;5
135;11;2
135;44;887880320
135;47;0.000001
135;8;1
135;19;1
135;23;1
135;25;2
135;26;2
135;27;1
135;30;1
135;31;3
135;33;1
135;34;0.072593
135;36;1
135;37;1
135;38;9.287712
2507;84;8
2507;65;8
2507;66;1
2507;68;2
2507;70;2
2507;76;1
2507;77;1
2507;81;8
2510;162;3
2510;129;3
2510;130;2
2510;131;3
2510;132;2
2510;133;2
2510;141;1
2510;142;1
2510;146;1
2510;147;1
2510;135;1
2510;164;1
2510;165;1
2510;166;1
2510;155;0
2510;163;0
139;7;27
139;39;4
139;12;90
139;13;7
139;11;4
139;44;2363397376
139;47;0.000001
139;8;1
139;10;1
139;19;2
139;21;2
139;23;2
139;25;8
139;26;5
139;27;3
139;28;2
139;29;1
139;30;2
139;31;14
139;32;1
139;33;5
139;35;1
139;24;0.693147
139;34;0.090320
139;38;17.691826
139;41;4
2511;84;4
2511;65;4
2511;68;2
2511;72;2
2511;81;8
2515;162;7
2515;129;8
2515;130;4
2515;131;5
2515;132;1
2515;133;1
2515;137;1
2515;142;2
2515;144;1
2515;145;1
2515;146;2
2515;134;1
2515;135;2
2515;164;2
2515;165;2
2515;166;2
2515;136;0.693147
2515;150;2
2515;151;2
2515;155;4
2515;163;4
2516;162;5
2516;129;6
2516;130;4
2516;131;5
2516;132;4
2516;133;2
2516;141;2
2516;142;3
2516;146;1
2516;147;1
2516;148;1
2516;135;1
2516;164;1
2516;165;1
2516;166;1
2516;152;1
2516;153;1
2516;154;8
2516;155;0
2516;160;1
2516;161;1
2516;163;8
144;7;27
144;39;4
144;12;43
144;13;5
144;11;2
144;44;3427604992
144;47;0.000001
144;19;4
144;20;3
144;23;1
144;25;10
144;26;6
144;27;4
144;28;4
144;29;2
144;30;3
144;31;19
144;32;2
144;33;9
144;34;0.073166
144;38;7.724338
2517;162;3
2517;129;3
2517;130;1
2517;131;1
2517;142;1
2517;146;1
2517;134;1
2517;135;1
2517;164;1
2517;165;1
2517;166;1
2517;151;1
2517;155;0
2517;163;0
2518;162;3
2518;129;3
2518;130;1
2518;131;1
2518;142;1
2518;146;1
2518;134;1
2518;135;1
2518;164;1
2518;165;1
2518;166;1
2518;151;1
2518;155;0
2518;163;0
2519;162;7
2519;129;7
2519;130;5
2519;131;3
2519;132;4
2519;133;2
2519;138;2
2519;139;2
2519;141;2
2519;142;4
2519;146;1
2519;147;1
2519;148;1
2519;134;1
2519;135;1
2519;164;1
2519;165;1
2519;166;1
2519;151;1
2519;152;1
2519;154;4
2519;155;0
2519;163;4
2520;162;6
2520;129;6
2520;130;3
2520;131;2
2520;132;2
2520;133;2
2520;138;1
2520;139;1
2520;141;1
2520;142;3
2520;146;1
2520;147;1
2520;148;1
2520;134;1
2520;135;1
2520;164;1
2520;165;1
2520;166;1
2520;151;1
2520;152;1
2520;154;4
2520;155;0
2520;163;4
907;45;11
50;45;12
69;45;34
113;45;7
663;45;2
902;45;31
20;45;16
900;45;167
10;45;312
1106;45;18
53;45;147
1776;45;18
110;45;25
1115;45;17
40;45;16
62;45;27
52;45;27
1144;45;18
2192;45;26
1055;45;4
927;45;10
43;45;5
45;45;6
1774;45;2
585;45;2
132;45;17
1002;45;14
106;45;11
144;45;19
5;45;15
702;45;22
27;45;15
36;45;4
129;45;12
897;45;1
1047;45;1
1865;45;67
33;45;12
2155;45;10
1108;45;7
999;45;37
1045;45;13
46;45;5
1049;45;6
1862;45;32
135;45;8
23;45;16
1119;45;17
37;45;4
125;45;18
139;45;17
70;45;29
2444;45;2
118;45;12
101;45;9
1057;45;4
2150;45;3
115;45;4
1150;45;4
715;45;8
28;45;50
1866;45;6
1022;45;16
5;1000;2
5;1001;3
5;1002;1.58496
5;1003;2
5;1004;1.58496
5;1005;2
5;1006;1.58496
5;1007;2
10;1000;8.32193
10;1001;64.2307
10;1002;6.58496
10;1003;38.1499
10;1004;6.58496
10;1005;38.1499
10;1006;4.90689
10;1007;32.2982
10;1008;13.0768
10;1009;9.62936
10;1010;9.62936
10;1011;5.61471
20;1000;2
20;1002;1.58496
20;1004;1.58496
20;1006;1.58496
23;1000;1
23;1002;1
23;1004;1
23;1006;1
23;1008;2
23;1009;1.58496
23;1010;1.58496
23;1011;1.58496
27;1000;2
27;1001;4
27;1002;1.58496
27;1003;2.32193
27;1004;1.58496
27;1005;2.32193
27;1006;1.58496
27;1007;2.32193
28;1000;6.32193
28;1001;27.629
28;1002;4.58496
28;1003;13.6402
28;1004;4.58496
28;1005;13.6402
28;1006;3.32193
28;1007;12.7142
33;1000;2
33;1002;1.58496
33;1004;1.58496
33;1006;1.58496
36;1000;1
36;1001;1
36;1002;1
36;1003;1
36;1004;1
36;1005;1
36;1006;1
36;1007;1
40;1000;2
40;1002;1.58496
40;1004;1.58496
40;1006;1.58496
43;1000;1
43;1001;1
43;1002;1
43;1003;1
43;1004;1
43;1005;1
43;1006;1
43;1007;1
45;1000;1
45;1001;2
45;1002;1
45;1003;2
45;1004;1
45;1005;2
45;1006;1
45;1007;2
50;1001;2
50;1003;1.58496
50;1005;1.58496
50;1007;1.58496
50;1008;6.16993
50;1009;6.16993
50;1010;6.16993
50;1011;3.16993
52;1000;4
52;1001;5
52;1002;4
52;1003;3.32193
52;1004;4
52;1005;3.32193
52;1006;4
52;1007;3.32193
53;1000;13.8138
53;1001;49.9041
53;1002;9.16993
53;1003;17.9369
53;1004;9.16993
53;1005;17.9369
53;1006;6.49185
53;1007;17.9369
53;1008;1
53;1009;1
53;1010;1
53;1011;1
62;1000;9
62;1001;1
62;1002;6.90689
62;1003;1
62;1004;6.90689
62;1005;1
62;1006;6.49185
62;1007;1
62;1008;4.58496
62;1009;3.32193
62;1010;3.32193
62;1011;2.58496
69;1001;29.585
69;1003;25.4346
69;1005;25.4346
69;1007;25.4346
101;1000;1
101;1001;2
101;1002;1
101;1003;2
101;1004;1
101;1005;2
101;1006;1
101;1007;2
101;1008;1
101;1009;1
101;1010;1
101;1011;1
106;1000;2
106;1001;2
106;1002;1.58496
106;1003;1.58496
106;1004;1.58496
106;1005;1.58496
106;1006;1.58496
106;1007;1.58496
110;1000;2
110;1002;1.58496
110;1004;1.58496
110;1006;1.58496
110;1008;4
110;1009;3.16993
110;1010;3.16993
110;1011;2.32193
113;1000;1
113;1001;2
113;1002;1
113;1003;2
113;1004;1
113;1005;2
113;1006;1
113;1007;1.58496
115;1000;1.58496
115;1001;1
115;1002;1.58496
115;1003;1
115;1004;1.58496
115;1005;1
115;1006;1.58496
115;1007;1
118;1000;2
118;1001;4
118;1002;1.58496
118;1003;2.32193
118;1004;1.58496
118;1005;2.32193
118;1006;1.58496
118;1007;2.32193
125;1000;1
125;1001;4
125;1002;1
125;1003;2.32193
125;1004;1
125;1005;2.32193
125;1006;1
125;1007;2.32193
125;1008;2
125;1009;1.58496
125;1010;1.58496
125;1011;1.58496
129;1000;2
129;1002;1.58496
129;1004;1.58496
129;1006;1.58496
132;1000;1
132;1001;3
132;1002;1
132;1003;2.58496
132;1004;1
132;1005;2.58496
132;1006;1
132;1007;2.58496
132;1008;5.58496
132;1009;4.58496
132;1010;4.58496
132;1011;2.80735
135;1008;1
135;1009;1
135;1010;1
135;1011;1
139;1008;5.58496
139;1009;5
139;1010;5
139;1011;2.80735
144;1000;2
144;1002;1.58496
144;1004;1.58496
144;1006;1.58496
144;1008;3
144;1009;2
144;1010;2
144;1011;2
153;1000;158.509
153;1001;1
153;1002;85.5891
153;1003;1
153;1004;85.5891
153;1005;1
153;1006;68.5623
153;1007;1
552;1000;24.34
552;1001;5.16993
552;1002;16.6915
552;1003;3.90689
552;1004;16.6915
552;1005;3.90689
552;1006;16.6915
552;1007;3.90689
552;1008;2
552;1009;2
552;1010;2
552;1011;2
554;1000;1
554;1002;1
554;1004;1
554;1006;1
554;1008;1
554;1009;1
554;1010;1
554;1011;1
556;1008;1
556;1009;1
556;1010;1
556;1011;1
576;1001;10
576;1003;5.90689
576;1005;5.90689
576;1007;5.16993
576;1008;1.58496
576;1009;1.58496
576;1010;1.58496
576;1011;1.58496
579;1001;2
579;1003;1.58496
579;1005;1.58496
579;1007;1.58496
579;1008;2.58496
579;1009;2
579;1010;2
579;1011;2
585;1000;86.036
585;1001;9
585;1002;38.5369
585;1003;5
585;1004;38.5369
585;1005;5
585;1006;38.5369
585;1007;3.45943
585;1008;14.6618
585;1009;6.75489
585;1010;6.75489
585;1011;4.32193
663;1000;18.5507
663;1001;3.58496
663;1002;13.2467
663;1003;2.32193
663;1004;13.2467
663;1005;2.32193
663;1006;10.6294
663;1007;2.32193
700;1000;49.9797
700;1001;22.0135
700;1002;26.2024
700;1003;12.5522
700;1004;26.2024
700;1005;12.5522
700;1006;25.2764
700;1007;9.47978
700;1008;13.2143
700;1009;6.97728
700;1010;6.97728
700;1011;4.70044
702;1000;23.6073
702;1001;45.585
702;1002;19.0585
702;1003;10.1085
702;1004;19.0585
702;1005;10.1085
702;1006;15.2871
702;1007;6.52356
702;1008;3.16993
702;1009;3.16993
702;1010;3.16993
702;1011;2.32193
715;1000;3
715;1001;42.1015
715;1002;3
715;1003;25.7322
715;1004;3
715;1005;25.7322
715;1006;3
715;1007;18.1206
715;1008;18.6253
715;1009;6.9542
715;1010;6.9542
715;1011;5.08746
897;1000;1
897;1001;3
897;1002;1
897;1003;3
897;1004;1
897;1005;3
897;1006;1
897;1007;2.58496
900;1000;12.0768
900;1001;12.2288
900;1002;8.85175
900;1003;9.92481
900;1004;8.85175
900;1005;9.92481
900;1006;4.32193
900;1007;7.36632
900;1008;12.7549
900;1009;6.58496
900;1010;6.58496
900;1011;4
902;1000;15.6439
902;1001;24.7549
902;1002;13.9069
902;1003;13.6618
902;1004;13.9069
902;1005;13.6618
902;1006;11.3663
902;1007;12.0768
902;1008;9.64386
902;1009;7.22882
902;1010;7.22882
902;1011;3.80735
907;1000;14.3219
907;1001;3
907;1002;6.90689
907;1003;3
907;1004;6.90689
907;1005;3
907;1006;6.90689
907;1007;3
907;1008;1
907;1009;1
907;1010;1
907;1011;1
927;1000;2
927;1001;1.58496
927;1002;2
927;1003;1.58496
927;1004;2
927;1005;1.58496
927;1006;1.58496
927;1007;1.58496
927;1008;1
927;1009;1
927;1010;1
927;1011;1
999;1000;4.58496
999;1001;20.5507
999;1002;3.32193
999;1003;17.2877
999;1004;3.32193
999;1005;17.2877
999;1006;3.32193
999;1007;14.5887
999;1008;1
999;1009;1
999;1010;1
999;1011;1
1002;1001;9.2854
1002;1003;7.60733
1002;1005;7.60733
1002;1007;5.67243
1020;1000;5
1020;1001;5
1020;1002;3.32193
1020;1003;4.58496
1020;1004;3.32193
1020;1005;4.58496
1020;1006;3.32193
1020;1007;4
1020;1008;1
1020;1009;1
1020;1010;1
1020;1011;1
1022;1000;3
1022;1001;9.32193
1022;1002;2.58496
1022;1003;7.71425
1022;1004;2.58496
1022;1005;7.71425
1022;1006;2
1022;1007;7.71425
1023;1000;6.58496
1023;1002;4.39232
1023;1004;4.39232
1023;1006;4.39232
1023;1008;1
1023;1009;1
1023;1010;1
1023;1011;1
1045;1001;7.90689
1045;1003;5.90689
1045;1005;5.90689
1045;1007;5.90689
1045;1008;4.58496
1045;1009;3.58496
1045;1010;3.58496
1045;1011;2.58496
1047;1000;1
1047;1002;1
1047;1004;1
1047;1006;1
1049;1000;5
1049;1001;2
1049;1002;3.58496
1049;1003;2
1049;1004;3.58496
1049;1005;2
1049;1006;3.58496
1049;1007;1.58496
1055;1001;1
1055;1003;1
1055;1005;1
1055;1007;1
1057;1000;1.58496
1057;1001;2
1057;1002;1.58496
1057;1003;1.58496
1057;1004;1.58496
1057;1005;1.58496
1057;1006;1.58496
1057;1007;1.58496
1057;1008;1
1057;1009;1
1057;1010;1
1057;1011;1
1106;1001;1
1106;1003;1
1106;1005;1
1106;1007;1
1108;1001;3.58496
1108;1003;3.58496
1108;1005;3.58496
1108;1007;3
1108;1008;3
1108;1009;2
1108;1010;2
1108;1011;2
1115;1001;6.16993
1115;1003;5.58496
1115;1005;5.58496
1115;1007;5.58496
1116;1001;9.58496
1116;1003;6.12928
1116;1005;6.12928
1116;1007;6.12928
1119;1001;3.58496
1119;1003;3.58496
1119;1005;3.58496
1119;1007;3.58496
1119;1008;3.16993
1119;1009;2.32193
1119;1010;2.32193
1119;1011;2.32193
1133;1001;1
1133;1003;1
1133;1005;1
1133;1007;1
1144;1001;6.39232
1144;1003;5.12928
1144;1005;5.12928
1144;1007;5.12928
1150;1001;2
1150;1003;1.58496
1150;1005;1.58496
1150;1007;1.58496
1774;1008;1
1774;1009;1
1774;1010;1
1774;1011;1
1776;1001;16.2992
1776;1003;8.50779
1776;1005;8.50779
1776;1007;8.50779
1862;1001;7
1862;1003;5.32193
1862;1005;5.32193
1862;1007;4.16993
1865;1001;21.4871
1865;1003;13.7322
1865;1005;13.7322
1865;1007;10.4798
1865;1008;1
1865;1009;1
1865;1010;1
1865;1011;1
1866;1000;26.0947
1866;1001;13.9069
1866;1002;14.4167
1866;1003;9.33985
1866;1004;14.4167
1866;1005;9.33985
1866;1006;10.1319
1866;1007;6.71425
1866;1008;68.585
1866;1009;9.27612
1866;1010;9.27612
1866;1011;6.14975
1921;1000;4
1921;1001;1
1921;1002;3.16993
1921;1003;1
1921;1004;3.16993
1921;1005;1
1921;1006;2.32193
1921;1007;1
1921;1008;1
1921;1009;1
1921;1010;1
1921;1011;1
2150;1001;1.58496
2150;1003;1.58496
2150;1005;1.58496
2150;1007;1.58496
2152;1001;1
2152;1003;1
2152;1005;1
2152;1007;1
2155;1001;9.75489
2155;1003;5.16993
2155;1005;5.16993
2155;1007;5.16993
2192;1001;12.7549
2192;1003;9.07682
2192;1005;9.07682
2192;1007;7.04439
2192;1008;1
2192;1009;1
2192;1010;1
2192;1011;1
