1;128;2521;2233;0;0;53
2;128;2450;1857;62;11;46
3;128;2522;2220;0;0;53
4;128;2495;2476;118;16;70
5;128;2523;2245;0;0;53
6;128;1853;2465;40;14;70
7;128;2449;1856;62;7;46
8;128;2485;2468;101;13;70
9;128;2524;2247;0;0;53
10;128;2525;1757;0;0;10
11;128;2506;2480;132;20;70
12;128;2526;2332;0;0;53
13;128;1861;2467;45;9;70
14;128;1846;2462;33;13;70
15;128;2451;1858;62;15;46
16;128;2527;2324;0;0;53
17;128;1445;1443;1022;34;1022
18;128;2528;2285;0;0;53
19;128;1444;1442;1022;27;1022
20;128;2529;2321;0;0;53
21;128;2488;2470;106;15;70
22;128;1854;2466;43;6;70
23;128;2530;2234;0;0;53
24;128;2531;2242;0;0;53
25;128;2532;2232;0;0;53
26;128;2533;2335;0;0;53
27;128;2534;2249;0;0;53
28;128;2535;2225;0;0;53
29;128;2487;2469;106;10;70
30;128;1843;2459;27;8;70
31;128;2536;2276;0;0;53
32;128;1766;2456;20;6;70
33;128;2537;2229;0;0;53
34;128;2538;2266;0;0;53
35;128;1767;2457;20;15;70
36;128;2494;2475;118;9;70
37;128;2539;1611;0;0;10
38;128;2500;2479;129;13;70
39;128;2452;1859;62;25;46
40;128;1763;2454;5;8;70
41;128;2540;2219;0;0;53
42;128;2541;2267;0;0;53
43;128;1559;1556;1144;19;1144
44;128;2542;2280;0;0;53
45;128;2543;1802;0;0;28
46;128;1372;1280;900;613;900
47;128;1761;1760;10;669;10
48;128;2544;2253;0;0;53
49;128;2492;2473;113;8;70
50;128;2498;2477;125;21;70
51;128;2545;2243;0;0;53
52;128;2447;2445;62;4;2444
53;128;2546;2272;0;0;53
54;128;2547;2320;0;0;53
55;128;2441;1848;52;17;37
56;128;1764;2455;5;14;70
57;128;2548;1606;0;0;10
58;128;2443;1850;52;31;37
59;128;2549;2278;0;0;53
60;128;2499;2478;129;6;70
61;128;2519;2481;144;14;70
62;128;2550;2275;0;0;53
63;128;1845;2461;33;6;70
64;128;2551;2251;0;0;53
65;128;2552;2318;0;0;53
66;128;2493;2474;115;8;70
67;128;2553;1812;0;0;28
68;128;2554;2224;0;0;53
69;128;2555;2322;0;0;53
70;128;2556;1806;0;0;28
71;128;2557;2265;0;0;53
72;128;2558;1577;0;0;10
73;128;2491;2472;110;22;70
74;128;2559;2273;0;0;53
75;128;2560;2334;0;0;53
76;128;2440;1847;52;5;37
77;128;2562;1779;2561;0;1774
78;128;2562;1281;2561;0;900
79;128;2563;2231;0;0;53
80;128;2564;2244;0;0;53
81;128;2565;1756;0;0;10
82;128;2566;1593;0;0;10
83;128;2520;2482;144;22;70
84;128;2442;1849;52;26;37
85;128;2567;2235;0;0;53
86;128;2568;2236;0;0;53
87;128;1561;1558;1144;31;1144
88;128;1560;1557;1144;25;1144
89;128;2569;2227;0;0;53
90;128;1844;2460;27;16;70
91;128;1851;2463;36;8;70
92;128;2453;1860;62;30;46
93;128;2448;2446;62;5;2444
94;128;1770;2458;23;20;70
95;128;2490;2471;110;8;70
96;128;1852;2464;40;6;70
97;150001029;10;816;10;288;700
98;165;10;806;10;189;700
99;150001029;10;693;10;305;552
100;150001029;10;816;10;511;700
101;165;10;693;10;311;552
102;165;10;693;10;303;552
103;150001029;10;816;10;377;700
104;150001029;10;671;10;590;663
105;150001029;10;693;10;269;552
106;165;10;693;10;431;552
107;165;10;816;10;430;700
108;150001029;10;693;10;201;552
109;150001029;10;594;10;188;585
110;150001029;10;693;10;526;552
111;165;10;693;10;327;552
112;165;10;693;10;518;552
113;165;10;693;10;474;552
114;150001029;10;595;10;183;585
115;165;10;593;10;385;585
116;150001029;10;693;10;285;552
117;150001029;10;693;10;490;552
118;165;10;816;10;200;700
119;150001029;10;816;10;270;700
120;165;10;693;10;494;552
121;165;10;1192;10;328;10
122;165;10;693;10;454;552
123;165;10;1192;10;497;10
124;165;10;1192;10;324;10
125;153001029;10;1169;10;656;10
126;150001029;10;693;10;199;552
127;150001029;10;694;10;669;552
128;150001029;10;598;10;343;585
129;165;10;816;10;439;700
130;150001029;10;693;10;472;552
131;150001029;10;594;10;144;585
132;165;10;671;10;595;663
133;165;10;693;10;289;552
134;165;10;693;10;292;552
135;165;10;816;10;523;700
136;165;10;671;10;590;663
137;150001029;10;1192;10;517;10
138;150001029;10;693;10;504;552
139;150001029;10;595;10;261;585
140;150001029;10;816;10;438;700
141;165;10;816;10;447;700
142;165;10;816;10;459;700
143;150001029;10;816;10;268;700
144;150001029;10;595;10;277;585
145;150001029;10;1192;10;326;10
146;150001029;10;693;10;397;552
147;165;10;595;10;546;585
148;165;10;816;10;243;700
149;150001029;10;1192;10;519;10
150;165;10;816;10;213;700
151;165;10;693;10;500;552
152;165;10;693;10;375;552
153;165;10;601;10;144;585
154;165;10;816;10;193;700
155;165;10;599;10;371;585
156;150001029;10;1192;10;507;10
157;165;10;595;10;277;585
158;150001029;10;693;10;518;552
159;165;10;1192;10;523;10
160;150001029;10;1192;10;324;10
161;165;10;693;10;401;552
162;165;10;693;10;512;552
163;150001029;10;599;10;252;585
164;150001029;10;816;10;402;700
165;150001029;10;693;10;502;552
166;165;10;693;10;482;552
167;150001029;10;816;10;521;700
168;150001029;10;1192;10;499;10
169;165;10;1192;10;517;10
170;150001029;10;816;10;195;700
171;150001029;10;816;10;479;700
172;150001029;10;816;10;435;700
173;150001029;10;693;10;313;552
174;150001029;10;693;10;211;552
175;150001029;10;816;10;543;700
176;165;10;690;10;797;552
177;165;10;1192;10;316;10
178;150001029;10;601;10;778;585
179;165;10;816;10;402;700
180;153001029;10;278;10;724;153
181;165;10;1192;10;507;10
182;150001029;10;693;10;482;552
183;165;10;1192;10;274;10
184;150001029;10;1192;10;268;10
185;165;10;816;10;228;700
186;150001029;10;693;10;401;552
187;150001029;10;693;10;496;552
188;150001029;10;1192;10;210;10
189;150001029;10;816;10;459;700
190;150001029;10;1192;10;318;10
191;150001029;10;816;10;194;700
192;150001029;10;816;10;414;700
193;150001029;10;693;10;299;552
194;165;10;693;10;201;552
195;150001029;10;1192;10;493;10
196;165;10;693;10;203;552
197;153001029;10;367;10;70;153
198;150001029;10;816;10;513;700
199;165;10;693;10;211;552
200;165;10;693;10;271;552
201;150001029;10;693;10;510;552
202;150001029;10;1195;10;671;10
203;150001029;10;693;10;292;552
204;165;10;816;10;377;700
205;165;10;671;10;597;663
206;165;10;599;10;43;585
207;150001029;10;816;10;202;700
208;165;10;1192;10;326;10
209;165;10;598;10;357;585
210;150001029;10;816;10;427;700
211;150001029;10;816;10;430;700
212;150001029;10;599;10;343;585
213;150001029;10;693;10;520;552
214;150001029;10;1192;10;511;10
215;165;10;693;10;502;552
216;165;10;816;10;542;700
217;165;10;816;10;194;700
218;165;10;816;10;436;700
219;150001029;10;595;10;623;585
220;165;10;693;10;309;552
221;165;10;816;10;497;700
222;165;10;693;10;305;552
223;165;10;693;10;321;552
224;150001029;10;1192;10;497;10
225;150001029;10;598;10;353;585
226;165;10;1195;10;674;10
227;150001029;10;599;10;180;585
228;150001029;10;816;10;243;700
229;150001029;10;599;10;43;585
230;165;10;598;10;283;585
231;165;10;816;10;521;700
232;150001029;10;601;10;188;585
233;150001029;10;1192;10;491;10
234;153001029;10;255;10;173;153
235;165;10;595;10;183;585
236;150001029;10;599;10;353;585
237;153001029;10;367;10;96;153
238;165;10;816;10;414;700
239;153001029;10;367;10;387;153
240;165;10;594;10;584;585
241;150001029;10;693;10;297;552
242;165;10;594;10;188;585
243;150001029;10;693;10;271;552
244;165;10;693;10;480;552
245;165;10;693;10;492;552
246;153001029;10;255;10;686;153
247;150001029;10;693;10;460;552
248;150001029;10;816;10;469;700
249;165;10;816;10;513;700
250;165;10;1192;10;505;10
251;165;10;693;10;526;552
252;150001029;10;693;10;209;552
253;165;10;595;10;623;585
254;150001029;10;816;10;193;700
255;165;10;816;10;505;700
256;150001029;10;694;10;687;552
257;165;10;1192;10;210;10
258;150001029;10;595;10;778;585
259;150001029;10;594;10;584;585
260;150001029;10;1192;10;328;10
261;150001029;10;1192;10;312;10
262;150001029;10;816;10;439;700
263;150001029;10;693;10;203;552
264;150001029;10;693;10;474;552
265;165;10;601;10;353;585
266;165;10;599;10;337;585
267;165;10;598;10;534;585
268;150001029;10;690;10;797;552
269;150001029;10;598;10;534;585
270;150001029;10;693;10;317;552
271;150001029;10;816;10;446;700
272;165;10;693;10;520;552
273;150001029;10;1192;10;509;10
274;165;10;693;10;329;552
275;165;10;1192;10;208;10
276;150001029;10;816;10;503;700
277;150001029;10;1192;10;501;10
278;165;10;816;10;288;700
279;165;10;816;10;195;700
280;165;10;1192;10;487;10
281;165;10;596;10;265;585
282;150001029;10;599;10;188;585
283;150001029;10;599;10;781;585
284;150001029;10;1192;10;521;10
285;165;10;816;10;204;700
286;165;10;1192;10;521;10
287;165;10;1192;10;381;10
288;150001029;10;1192;10;274;10
289;165;10;1192;10;318;10
290;150001029;10;816;10;429;700
291;150001029;10;693;10;319;552
292;165;10;1192;10;515;10
293;165;10;693;10;490;552
294;165;10;671;10;588;663
295;150001029;10;816;10;481;700
296;165;10;693;10;323;552
297;150001029;10;816;10;244;700
298;150001029;10;816;10;213;700
299;165;10;1192;10;312;10
300;150001029;10;693;10;399;552
301;150001029;10;671;10;588;663
302;165;10;693;10;403;552
303;150001029;10;816;10;437;700
304;150001029;10;693;10;476;552
305;150001029;10;599;10;371;585
306;165;10;816;10;427;700
307;150001029;10;594;10;348;585
308;150001029;10;598;10;283;585
309;165;10;601;10;188;585
310;150001029;10;693;10;325;552
311;165;10;693;10;273;552
312;165;10;598;10;772;585
313;150001029;10;816;10;200;700
314;165;10;599;10;343;585
315;165;10;693;10;315;552
316;150001029;10;806;10;189;700
317;150001029;10;816;10;523;700
318;165;10;816;10;477;700
319;150001029;10;693;10;492;552
320;150001029;10;693;10;311;552
321;165;10;816;10;469;700
322;165;10;693;10;424;552
323;165;10;816;10;435;700
324;165;10;693;10;205;552
325;165;10;693;10;470;552
326;165;10;689;10;63;552
327;165;10;693;10;478;552
328;165;10;1192;10;314;10
329;165;10;594;10;348;585
330;165;10;1192;10;503;10
331;150001029;10;671;10;597;663
332;165;10;1192;10;501;10
333;150001029;10;1192;10;513;10
334;150001029;10;693;10;205;552
335;165;10;693;10;285;552
336;150001029;10;816;10;415;700
337;150001029;10;689;10;63;552
338;150001029;10;693;10;275;552
339;153001029;10;669;10;132;663
340;153001029;10;672;10;551;663
341;165;10;1192;10;491;10
342;165;10;816;10;196;700
343;150001029;10;693;10;478;552
344;150001029;10;693;10;315;552
345;165;10;1192;10;206;10
346;165;10;693;10;397;552
347;165;10;599;10;781;585
348;150001029;10;816;10;505;700
349;165;10;693;10;504;552
350;150001029;10;693;10;512;552
351;165;10;693;10;307;552
352;165;10;693;10;488;552
353;150001029;10;693;10;245;552
354;150001029;10;816;10;215;700
355;150001029;10;816;10;447;700
356;150001029;10;1192;10;495;10
357;150001029;10;693;10;321;552
358;165;10;816;10;210;700
359;150001029;10;1192;10;206;10
360;165;10;816;10;381;700
361;150001029;10;693;10;405;552
362;150001029;10;693;10;498;552
363;150001029;10;1192;10;503;10
364;165;10;816;10;406;700
365;165;10;816;10;428;700
366;150001029;10;693;10;514;552
367;150001029;10;602;10;799;585
368;150001029;10;693;10;426;552
369;165;10;693;10;498;552
370;150001029;10;693;10;508;552
371;165;10;601;10;43;585
372;150001029;10;1192;10;320;10
373;165;10;1192;10;525;10
374;165;10;693;10;245;552
375;165;10;1192;10;268;10
376;153001029;10;1169;10;688;10
377;150001029;10;813;10;189;700
378;150001029;10;816;10;525;700
379;165;10;816;10;223;700
380;165;10;816;10;268;700
381;150001029;10;693;10;329;552
382;150001029;10;816;10;198;700
383;165;10;1195;10;671;10
384;165;10;816;10;224;700
385;165;10;693;10;472;552
386;165;10;595;10;261;585
387;150001029;10;693;10;480;552
388;150001029;10;693;10;382;552
389;150001029;10;1169;10;672;10
390;165;10;816;10;400;700
391;150001029;10;693;10;309;552
392;165;10;594;10;144;585
393;150001029;10;1192;10;523;10
394;150001029;10;693;10;431;552
395;165;10;693;10;522;552
396;150001029;10;597;10;252;585
397;150001029;10;816;10;266;700
398;150001029;10;693;10;407;552
399;165;10;1192;10;513;10
400;150001029;10;693;10;303;552
401;150001029;10;816;10;274;700
402;165;10;816;10;438;700
403;150001029;10;693;10;295;552
404;153001029;10;672;10;585;663
405;165;10;693;10;514;552
406;165;10;816;10;429;700
407;165;10;693;10;456;552
408;150001029;10;693;10;327;552
409;165;10;1192;10;320;10
410;165;10;816;10;198;700
411;165;10;693;10;287;552
412;150001029;10;816;10;381;700
413;165;10;693;10;197;552
414;165;10;599;10;353;585
415;165;10;693;10;508;552
416;165;10;693;10;295;552
417;150001029;10;1192;10;489;10
418;150001029;10;693;10;470;552
419;150001029;10;816;10;477;700
420;150001029;10;693;10;522;552
421;165;10;816;10;503;700
422;150001029;10;693;10;375;552
423;165;10;816;10;274;700
424;165;10;693;10;207;552
425;165;10;816;10;202;700
426;165;10;693;10;299;552
427;150001029;10;1192;10;314;10
428;150001029;10;816;10;497;700
429;150001029;10;693;10;289;552
430;165;10;693;10;440;552
431;165;10;693;10;496;552
432;150001029;10;816;10;206;700
433;165;10;1192;10;493;10
434;150001029;10;694;10;667;552
435;165;10;1192;10;308;10
436;165;10;693;10;317;552
437;165;10;816;10;437;700
438;165;10;816;10;481;700
439;165;10;1192;10;489;10
440;150001029;10;816;10;428;700
441;150001029;10;693;10;494;552
442;150001029;10;816;10;406;700
443;165;10;693;10;506;552
444;165;10;813;10;189;700
445;150001029;10;693;10;506;552
446;165;10;1192;10;519;10
447;150001029;10;599;10;337;585
448;150001029;10;1192;10;322;10
449;165;10;601;10;778;585
450;150001029;10;693;10;197;552
451;150001029;10;1192;10;316;10
452;165;10;1192;10;509;10
453;165;10;595;10;778;585
454;165;10;693;10;405;552
455;150001029;10;599;10;357;585
456;165;10;599;10;180;585
457;165;10;1192;10;495;10
458;165;10;693;10;399;552
459;150001029;10;816;10;436;700
460;150001029;10;693;10;516;552
461;165;10;816;10;244;700
462;150001029;10;693;10;488;552
463;165;10;693;10;382;552
464;165;10;694;10;667;552
465;150001029;10;693;10;273;552
466;150001029;10;693;10;323;552
467;150001029;10;816;10;374;700
468;150001029;10;816;10;223;700
469;150001029;10;1192;10;487;10
470;150001029;10;601;10;353;585
471;165;10;693;10;510;552
472;150001029;10;693;10;524;552
473;165;10;693;10;313;552
474;165;10;816;10;446;700
475;150001029;10;598;10;357;585
476;153001029;10;367;10;552;153
477;150001029;10;601;10;183;585
478;165;10;816;10;415;700
479;165;10;693;10;426;552
480;150001029;10;601;10;43;585
481;165;10;816;10;511;700
482;150001029;10;816;10;400;700
483;150001029;10;693;10;207;552
484;150001029;10;1192;10;272;10
485;150001029;10;1169;10;689;10
486;165;10;1192;10;511;10
487;165;10;1169;10;689;10
488;165;10;1192;10;499;10
489;150001029;10;693;10;307;552
490;165;10;816;10;543;700
491;150001029;10;693;10;424;552
492;150001029;10;816;10;542;700
493;165;10;693;10;516;552
494;165;10;693;10;269;552
495;150001029;10;598;10;772;585
496;150001029;10;596;10;265;585
497;165;10;601;10;183;585
498;165;10;693;10;325;552
499;165;10;693;10;267;552
500;150001029;10;593;10;385;585
501;150001029;10;1192;10;515;10
502;165;10;597;10;252;585
503;150001029;10;693;10;287;552
504;165;10;599;10;188;585
505;150001029;10;1192;10;270;10
506;165;10;1192;10;270;10
507;165;10;1169;10;672;10
508;165;10;694;10;669;552
509;165;10;602;10;799;585
510;165;10;816;10;374;700
511;153001029;10;255;10;44;153
512;165;10;816;10;266;700
513;150001029;10;1192;10;505;10
514;165;10;1192;10;310;10
515;150001029;10;1192;10;308;10
516;165;10;693;10;460;552
517;150001029;10;1192;10;381;10
518;165;10;693;10;275;552
519;165;10;816;10;206;700
520;150001029;10;816;10;228;700
521;150001029;10;1192;10;525;10
522;150001029;10;1192;10;310;10
523;165;10;599;10;357;585
524;150001029;10;595;10;546;585
525;150001029;10;693;10;454;552
526;165;10;693;10;524;552
527;150001029;10;693;10;301;552
528;150001029;10;816;10;224;700
529;150001029;10;693;10;267;552
530;165;10;694;10;687;552
531;165;10;816;10;270;700
532;165;10;693;10;209;552
533;150001029;10;816;10;210;700
534;150001029;10;1192;10;208;10
535;165;10;693;10;407;552
536;165;10;816;10;525;700
537;150001029;10;693;10;403;552
538;150001029;10;693;10;440;552
539;165;10;1192;10;322;10
540;165;10;693;10;301;552
541;165;10;693;10;297;552
542;165;10;816;10;479;700
543;150001029;10;1195;10;674;10
544;165;10;1192;10;272;10
545;150001029;10;816;10;196;700
546;150001029;10;601;10;144;585
547;165;10;598;10;343;585
548;165;10;598;10;353;585
549;150001029;10;693;10;456;552
550;165;10;693;10;476;552
551;165;10;816;10;215;700
552;150001029;10;816;10;204;700
553;150001029;10;693;10;500;552
554;165;10;693;10;319;552
555;165;10;693;10;199;552
556;150001029;10;671;10;595;663
557;165;10;599;10;252;585
558;165;28;229;28;102;153
559;150001029;28;816;28;67;700
560;153001029;28;255;28;99;153
561;165;28;595;28;69;585
562;165;28;816;28;60;700
563;150001029;28;594;28;121;585
564;165;28;690;28;177;552
565;150001029;28;595;28;79;585
566;150001029;28;595;28;96;585
567;165;28;598;28;59;585
568;165;28;599;28;87;585
569;165;28;594;28;23;585
570;165;28;594;28;62;585
571;165;28;598;28;83;585
572;150001029;28;595;28;141;585
573;165;28;813;28;88;700
574;150001029;28;816;28;34;700
575;150001029;28;601;28;83;585
576;150001029;28;816;28;76;700
577;165;28;595;28;79;585
578;150001029;28;599;28;54;585
579;150001029;28;816;28;38;700
580;165;28;816;28;31;700
581;165;28;594;28;121;585
582;150001029;28;594;28;62;585
583;150001029;28;598;28;59;585
584;150001029;28;599;28;98;585
585;165;28;806;28;88;700
586;165;28;595;28;96;585
587;165;28;689;28;27;552
588;165;28;599;28;83;585
589;150001029;28;599;28;133;585
590;150001029;28;816;28;52;700
591;165;28;806;28;84;700
592;150001029;28;689;28;27;552
593;165;28;599;28;98;585
594;165;28;813;28;84;700
595;150001029;28;595;28;170;585
596;165;28;816;28;52;700
597;165;28;599;28;118;585
598;150001029;28;816;28;31;700
599;165;28;807;28;125;700
600;165;28;602;28;179;585
601;150001029;28;599;28;59;585
602;150001029;28;816;28;60;700
603;165;28;784;28;102;700
604;165;28;742;28;102;700
605;150001029;28;599;28;87;585
606;150001029;28;594;28;114;585
607;165;28;816;28;76;700
608;165;28;816;28;50;700
609;150001029;28;598;28;66;585
610;150001029;28;813;28;84;700
611;165;28;595;28;141;585
612;150001029;28;599;28;118;585
613;150001029;28;599;28;75;585
614;150001029;28;816;28;57;700
615;165;28;816;28;34;700
616;165;28;598;28;128;585
617;150001029;28;602;28;179;585
618;150001029;28;595;28;145;585
619;150001029;28;816;28;77;700
620;150001029;28;594;28;23;585
621;165;28;601;28;83;585
622;153001029;28;742;28;101;700
623;165;28;595;28;170;585
624;165;28;599;28;133;585
625;150001029;28;816;28;42;700
626;150001029;28;690;28;177;552
627;150001029;28;816;28;50;700
628;165;28;599;28;75;585
629;165;28;816;28;44;700
630;165;28;599;28;59;585
631;165;28;783;28;102;700
632;165;28;598;28;66;585
633;150001029;28;816;28;44;700
634;165;28;599;28;19;585
635;150001029;28;742;28;102;700
636;165;28;816;28;57;700
637;165;28;816;28;77;700
638;150001029;28;595;28;69;585
639;165;28;594;28;124;585
640;165;28;816;28;38;700
641;150001029;28;598;28;83;585
642;165;28;595;28;145;585
643;150001029;28;598;28;128;585
644;150001029;28;599;28;83;585
645;165;28;599;28;54;585
646;150001029;28;599;28;19;585
647;150001029;28;813;28;88;700
648;150001029;28;594;28;124;585
649;165;28;816;28;67;700
650;150001029;28;806;28;88;700
651;165;28;594;28;114;585
652;165;28;599;28;66;585
653;153001029;28;255;28;145;153
654;150001029;28;599;28;66;585
655;165;28;816;28;42;700
656;150001029;28;807;28;125;700
657;150001029;28;806;28;84;700
658;153001029;28;367;28;137;153
659;165;53;595;53;123;585
660;165;53;601;53;256;585
661;165;53;601;53;214;585
662;165;53;784;53;313;700
663;150001029;53;806;53;108;700
664;150001029;53;810;53;288;700
665;150001029;53;596;53;331;585
666;165;53;816;53;172;700
667;150001029;53;601;53;150;585
668;165;53;598;53;130;585
669;150001029;53;693;53;93;552
670;165;53;595;53;176;585
671;165;53;598;53;165;585
672;150001029;53;599;53;230;585
673;165;53;594;53;310;585
674;165;53;813;53;145;700
675;153001029;53;255;53;311;153
676;150001029;53;691;53;108;552
677;165;53;693;53;134;552
678;150001029;53;816;53;163;700
679;165;53;594;53;209;585
680;165;53;806;53;108;700
681;150001029;53;595;53;308;585
682;165;53;594;53;150;585
683;165;53;813;53;147;700
684;165;53;816;53;112;700
685;165;53;816;53;116;700
686;165;53;783;53;313;700
687;150001029;53;798;53;147;700
688;165;53;813;53;333;700
689;150001029;53;599;53;133;585
690;150001029;53;813;53;333;700
691;165;53;598;53;226;585
692;165;53;816;53;269;700
693;165;53;813;53;108;700
694;150001029;53;601;53;133;585
695;165;53;799;53;332;700
696;165;53;601;53;150;585
697;150001029;53;594;53;209;585
698;150001029;53;596;53;47;585
699;165;53;816;53;275;700
700;165;53;798;53;91;700
701;150001029;53;595;53;29;585
702;150001029;53;595;53;176;585
703;165;53;816;53;322;700
704;165;53;816;53;174;700
705;150001029;53;596;53;262;585
706;165;53;813;53;289;700
707;150001029;53;802;53;335;700
708;150001029;53;816;53;115;700
709;150001029;53;594;53;310;585
710;150001029;53;599;53;209;585
711;150001029;53;816;53;118;700
712;150001029;53;595;53;123;585
713;165;53;599;53;209;585
714;165;53;594;53;71;585
715;165;53;600;53;193;585
716;165;53;596;53;162;585
717;150001029;53;594;53;120;585
718;165;53;599;53;133;585
719;165;53;594;53;146;585
720;165;53;689;53;33;552
721;165;53;595;53;308;585
722;150001029;53;599;53;120;585
723;165;53;596;53;262;585
724;150001029;53;816;53;269;700
725;150001029;53;601;53;156;585
726;165;53;600;53;204;585
727;165;53;691;53;108;552
728;165;53;599;53;287;585
729;165;53;797;53;333;700
730;150001029;53;596;53;201;585
731;165;53;816;53;117;700
732;165;53;816;53;151;700
733;165;53;596;53;201;585
734;150001029;53;598;53;165;585
735;150001029;53;816;53;174;700
736;150001029;53;596;53;272;585
737;150001029;53;797;53;333;700
738;165;53;595;53;29;585
739;150001029;53;816;53;160;700
740;165;53;601;53;234;585
741;150001029;53;598;53;198;585
742;165;53;816;53;111;700
743;165;53;598;53;78;585
744;165;53;599;53;214;585
745;150001029;53;601;53;256;585
746;150001029;53;816;53;171;700
747;150001029;53;816;53;275;700
748;150001029;53;798;53;91;700
749;150001029;53;693;53;134;552
750;150001029;53;813;53;145;700
751;165;53;229;53;313;153
752;150001029;53;601;53;127;585
753;150001029;53;742;53;313;700
754;165;53;742;53;313;700
755;165;53;601;53;133;585
756;150001029;53;816;53;117;700
757;150001029;53;693;53;69;552
758;150001029;53;600;53;193;585
759;165;53;594;53;256;585
760;165;53;601;53;127;585
761;150001029;53;598;53;130;585
762;150001029;53;594;53;133;585
763;165;53;595;53;97;585
764;150001029;53;816;53;322;700
765;150001029;53;601;53;204;585
766;165;53;816;53;161;700
767;165;53;594;53;153;585
768;165;53;596;53;323;585
769;165;53;816;53;324;700
770;165;53;601;53;204;585
771;165;53;797;53;148;700
772;150001029;53;594;53;256;585
773;165;53;816;53;273;700
774;165;53;601;53;156;585
775;150001029;53;813;53;108;700
776;165;53;596;53;266;585
777;150001029;53;813;53;148;700
778;150001029;53;691;53;94;552
779;150001029;53;816;53;172;700
780;150001029;53;600;53;256;585
781;165;53;813;53;90;700
782;165;53;600;53;256;585
783;165;53;594;53;120;585
784;150001029;53;599;53;127;585
785;165;53;813;53;148;700
786;150001029;53;600;53;234;585
787;165;53;797;53;145;700
788;150001029;53;806;53;332;700
789;150001029;53;601;53;214;585
790;165;53;600;53;234;585
791;150001029;53;598;53;127;585
792;150001029;53;797;53;148;700
793;165;53;816;53;271;700
794;165;53;816;53;173;700
795;150001029;53;690;53;339;552
796;165;53;693;53;93;552
797;165;53;693;53;202;552
798;150001029;53;596;53;323;585
799;165;53;596;53;47;585
800;150001029;53;813;53;289;700
801;150001029;53;599;53;102;585
802;150001029;53;816;53;112;700
803;150001029;53;689;53;33;552
804;165;53;690;53;339;552
805;165;53;691;53;145;552
806;165;53;802;53;335;700
807;150001029;53;816;53;151;700
808;150001029;53;799;53;332;700
809;150001029;53;693;53;142;552
810;150001029;53;602;53;341;585
811;150001029;53;601;53;193;585
812;165;53;810;53;288;700
813;150001029;53;598;53;226;585
814;150001029;53;594;53;71;585
815;150001029;53;598;53;78;585
816;165;53;806;53;90;700
817;165;53;602;53;341;585
818;150001029;53;594;53;146;585
819;150001029;53;599;53;214;585
820;153001029;53;367;53;293;153
821;153001029;53;2146;53;7;53
822;150001029;53;806;53;90;700
823;150001029;53;816;53;116;700
824;150001029;53;599;53;287;585
825;150001029;53;601;53;234;585
826;150001029;53;594;53;153;585
827;150001029;53;595;53;97;585
828;165;53;816;53;160;700
829;165;53;599;53;230;585
830;150001029;53;600;53;204;585
831;153001029;53;367;53;277;153
832;165;53;693;53;69;552
833;150001029;53;596;53;162;585
834;150001029;53;813;53;147;700
835;165;53;816;53;118;700
836;165;53;594;53;133;585
837;165;53;691;53;91;552
838;153001029;53;367;53;25;153
839;165;53;599;53;120;585
840;165;53;599;53;127;585
841;150001029;53;816;53;271;700
842;165;53;797;53;108;700
843;165;53;693;53;142;552
844;150001029;53;691;53;91;552
845;150001029;53;693;53;202;552
846;165;53;596;53;272;585
847;165;53;798;53;147;700
848;150001029;53;816;53;324;700
849;153001029;53;570;53;321;554
850;165;53;806;53;332;700
851;150001029;53;797;53;145;700
852;150001029;53;594;53;150;585
853;150001029;53;816;53;273;700
854;165;53;691;53;94;552
855;150001029;53;816;53;173;700
856;150001029;53;596;53;266;585
857;165;53;599;53;102;585
858;165;53;816;53;171;700
859;165;53;601;53;193;585
860;150001029;53;816;53;111;700
861;150001029;53;813;53;90;700
862;165;53;598;53;198;585
863;150001029;53;797;53;108;700
864;165;53;596;53;331;585
865;165;53;598;53;127;585
866;150001029;53;691;53;145;552
867;165;53;816;53;115;700
868;150001029;53;816;53;161;700
869;165;53;816;53;163;700
870;165;132;738;132;22;715
871;150001029;132;738;132;22;715
872;150001029;153;920;153;1;902
873;153001029;552;255;552;42;153
874;153001029;552;467;552;63;153
875;153001029;552;278;552;15;153
876;153001029;552;553;552;7;552
877;153001029;552;553;552;7;552
878;153001029;552;553;552;7;552
879;165;552;500;552;72;153
880;165;552;255;552;72;153
881;150001029;552;587;552;24;585
882;165;552;587;552;24;585
883;165;552;255;552;24;153
884;165;552;500;552;24;153
885;153001029;552;255;552;63;153
886;150001029;552;587;552;72;585
887;165;552;587;552;72;585
888;153001029;554;555;554;6;554
889;153001029;556;557;556;3;556
890;153001029;576;671;576;266;663
891;153001029;576;685;576;253;663
892;153001029;576;377;576;209;153
893;153001029;576;173;576;270;153
894;153001029;576;367;576;237;153
895;153001029;576;578;576;1;576
896;153001029;576;578;576;1;576
897;153001029;576;684;576;249;663
898;165;576;431;576;231;153
899;150001029;576;431;576;231;153
900;153001029;576;675;576;299;663
901;153001029;576;431;576;201;153
902;153001029;576;670;576;260;663
903;153001029;579;367;579;490;153
904;153001029;579;583;579;494;579
905;153001029;579;368;579;409;153
906;153001029;579;581;579;503;579
907;153001029;579;581;579;2;579
908;165;585;500;585;323;153
909;153001029;585;586;585;21;585
910;165;585;588;585;323;585
911;165;585;601;585;513;585
912;150001029;585;599;585;476;585
913;153001029;585;586;585;21;585
914;153001029;585;586;585;21;585
915;153001029;585;278;585;322;153
916;150001029;585;255;585;34;153
917;153001029;585;589;585;252;585
918;150001029;585;591;585;157;585
919;153001029;585;589;585;135;585
920;153001029;585;589;585;302;585
921;165;585;599;585;405;585
922;150001029;585;278;585;265;153
923;150001029;585;591;585;286;585
924;153001029;585;590;585;142;585
925;165;585;591;585;286;585
926;165;585;278;585;265;153
927;165;585;591;585;157;585
928;150001029;585;599;585;405;585
929;165;585;599;585;476;585
930;153001029;585;314;585;495;153
931;150001029;585;601;585;513;585
932;165;585;587;585;323;585
933;150001029;585;587;585;40;585
934;150001029;585;588;585;323;585
935;153001029;585;367;585;403;153
936;165;585;601;585;423;585
937;150001029;585;601;585;423;585
938;153001029;585;591;585;157;585
939;153001029;585;500;585;32;153
940;153001029;585;592;585;246;585
941;153001029;585;278;585;534;153
942;165;585;255;585;323;153
943;153001029;585;589;585;280;585
944;153001029;585;278;585;24;153
945;153001029;585;591;585;142;585
946;150001029;585;500;585;34;153
947;153001029;585;255;585;32;153
948;153001029;663;173;663;92;153
949;153001029;663;278;663;98;153
950;153001029;663;278;663;15;153
951;153001029;663;368;663;57;153
952;150001029;700;753;700;307;700
953;150001029;700;278;700;299;153
954;153001029;700;278;700;350;153
955;165;700;752;700;251;700
956;165;700;753;700;347;700
957;150001029;700;229;700;54;153
958;153001029;700;278;700;284;153
959;165;700;587;700;258;585
960;165;700;752;700;717;700
961;153001029;700;196;700;83;153
962;165;700;753;700;276;700
963;153001029;700;255;700;535;153
964;165;700;255;700;371;153
965;150001029;700;588;700;251;585
966;150001029;700;588;700;474;585
967;150001029;700;753;700;669;700
968;165;700;255;700;391;153
969;150001029;700;588;700;364;585
970;165;700;500;700;350;153
971;165;700;500;700;499;153
972;153001029;700;278;700;176;153
973;165;700;500;700;420;153
974;165;700;753;700;290;700
975;150001029;700;278;700;284;153
976;150001029;700;752;700;647;700
977;165;700;588;700;413;585
978;165;700;500;700;371;153
979;150001029;700;278;700;275;153
980;150001029;700;753;700;321;700
981;165;700;500;700;231;153
982;165;700;255;700;258;153
983;153001029;700;255;700;132;153
984;165;700;500;700;264;153
985;150001029;700;755;700;413;700
986;165;700;587;700;251;585
987;165;700;255;700;407;153
988;150001029;700;753;700;274;700
989;165;700;255;700;231;153
990;165;700;587;700;350;585
991;165;700;588;700;231;585
992;153001029;700;255;700;542;153
993;153001029;700;278;700;290;153
994;150001029;700;588;700;231;585
995;165;700;754;700;627;700
996;150001029;700;753;700;328;700
997;165;700;588;700;399;585
998;165;700;500;700;407;153
999;165;700;588;700;385;585
1000;165;700;588;700;466;585
1001;153001029;700;278;700;363;153
1002;165;700;588;700;251;585
1003;153001029;700;278;700;121;153
1004;153001029;700;278;700;306;153
1005;150001029;700;753;700;290;700
1006;165;700;500;700;379;153
1007;165;700;753;700;305;700
1008;165;700;588;700;379;585
1009;165;700;588;700;242;585
1010;165;700;753;700;328;700
1011;165;700;500;700;391;153
1012;165;700;588;700;364;585
1013;165;700;255;700;420;153
1014;165;700;500;700;430;153
1015;150001029;700;784;700;54;700
1016;150001029;700;752;700;646;700
1017;165;700;755;700;413;700
1018;165;700;588;700;515;585
1019;165;700;255;700;242;153
1020;165;700;255;700;385;153
1021;150001029;700;255;700;126;153
1022;150001029;700;754;700;627;700
1023;150001029;700;753;700;276;700
1024;165;700;754;700;321;700
1025;165;700;587;700;242;585
1026;165;700;500;700;385;153
1027;165;700;255;700;474;153
1028;165;700;500;700;242;153
1029;165;700;278;700;275;153
1030;165;700;587;700;407;585
1031;165;700;588;700;407;585
1032;150001029;700;588;700;291;585
1033;165;700;500;700;291;153
1034;165;700;588;700;371;585
1035;165;700;587;700;499;585
1036;165;700;500;700;515;153
1037;165;700;587;700;364;585
1038;165;700;588;700;499;585
1039;165;700;752;700;647;700
1040;165;700;500;700;251;153
1041;165;700;588;700;350;585
1042;165;700;587;700;474;585
1043;150001029;700;752;700;258;700
1044;165;700;255;700;466;153
1045;165;700;587;700;379;585
1046;165;700;587;700;399;585
1047;153001029;700;509;700;176;153
1048;150001029;700;752;700;251;700
1049;150001029;700;588;700;391;585
1050;165;700;754;700;305;700
1051;165;700;753;700;669;700
1052;165;700;754;700;347;700
1053;165;700;587;700;291;585
1054;165;700;754;700;669;700
1055;165;700;255;700;413;153
1056;150001029;700;588;700;258;585
1057;150001029;700;783;700;181;700
1058;150001029;700;255;700;236;153
1059;165;700;587;700;385;585
1060;153001029;700;701;700;42;700
1061;153001029;700;701;700;42;700
1062;165;700;255;700;515;153
1063;153001029;700;701;700;42;700
1064;153001029;700;701;700;42;700
1065;153001029;700;701;700;42;700
1066;165;700;255;700;126;153
1067;165;700;278;700;299;153
1068;153001029;700;255;700;139;153
1069;165;700;255;700;106;153
1070;165;700;753;700;274;700
1071;165;700;278;700;284;153
1072;165;700;754;700;290;700
1073;165;700;587;700;371;585
1074;165;700;587;700;413;585
1075;165;700;500;700;364;153
1076;153001029;700;278;700;275;153
1077;165;700;255;700;291;153
1078;165;700;587;700;231;585
1079;165;700;587;700;264;585
1080;165;700;255;700;379;153
1081;150001029;700;255;700;106;153
1082;165;700;754;700;328;700
1083;150001029;700;588;700;407;585
1084;165;700;500;700;258;153
1085;165;700;255;700;264;153
1086;165;700;754;700;307;700
1087;150001029;700;588;700;350;585
1088;153001029;700;278;700;186;153
1089;150001029;700;753;700;291;700
1090;165;700;587;700;391;585
1091;165;700;255;700;399;153
1092;165;700;500;700;474;153
1093;165;700;255;700;364;153
1094;165;700;754;700;274;700
1095;165;700;255;700;350;153
1096;153001029;700;509;700;574;153
1097;165;700;753;700;291;700
1098;153001029;700;278;700;299;153
1099;150001029;700;278;700;306;153
1100;165;700;587;700;515;585
1101;150001029;700;588;700;499;585
1102;165;700;255;700;236;153
1103;165;700;753;700;307;700
1104;150001029;700;500;700;236;153
1105;150001029;700;588;700;371;585
1106;165;700;587;700;420;585
1107;150001029;700;754;700;78;700
1108;165;700;752;700;646;700
1109;165;700;754;700;291;700
1110;165;700;588;700;291;585
1111;150001029;700;753;700;347;700
1112;153001029;700;255;700;104;153
1113;165;700;588;700;258;585
1114;165;700;752;700;258;700
1115;150001029;700;500;700;430;153
1116;150001029;700;588;700;420;585
1117;153001029;700;255;700;53;153
1118;165;700;588;700;420;585
1119;165;700;500;700;399;153
1120;165;700;500;700;466;153
1121;150001029;700;588;700;242;585
1122;150001029;700;588;700;413;585
1123;150001029;700;588;700;466;585
1124;165;700;255;700;251;153
1125;165;700;587;700;466;585
1126;165;700;500;700;126;153
1127;150001029;700;255;700;430;153
1128;165;700;255;700;430;153
1129;153001029;700;278;700;90;153
1130;150001029;700;753;700;305;700
1131;150001029;700;500;700;126;153
1132;165;700;754;700;276;700
1133;150001029;700;752;700;717;700
1134;165;700;255;700;499;153
1135;150001029;700;588;700;264;585
1136;165;700;588;700;391;585
1137;165;700;588;700;474;585
1138;165;700;500;700;413;153
1139;165;700;588;700;264;585
1140;150001029;700;588;700;385;585
1141;150001029;700;588;700;515;585
1142;165;700;753;700;321;700
1143;165;700;500;700;236;153
1144;150001029;700;588;700;399;585
1145;165;700;278;700;306;153
1146;150001029;700;588;700;379;585
1147;153001029;700;367;700;478;153
1148;153001029;702;357;702;159;153
1149;150001029;702;490;702;77;153
1150;150001029;702;496;702;214;153
1151;165;702;417;702;57;153
1152;150001029;702;417;702;57;153
1153;153001029;702;398;702;133;153
1154;165;702;461;702;182;153
1155;150001029;702;515;702;232;153
1156;153001029;702;703;702;5;702
1157;153001029;702;703;702;5;702
1158;165;702;496;702;214;153
1159;165;702;326;702;43;153
1160;165;702;513;702;79;153
1161;165;702;434;702;103;153
1162;150001029;702;704;702;244;702
1163;153001029;702;490;702;76;153
1164;150001029;702;377;702;15;153
1165;150001029;702;587;702;13;585
1166;153001029;702;326;702;42;153
1167;153001029;702;396;702;199;153
1168;153001029;702;278;702;246;153
1169;165;702;374;702;202;153
1170;165;702;208;702;222;153
1171;165;702;490;702;77;153
1172;150001029;702;346;702;162;153
1173;150001029;702;326;702;43;153
1174;150001029;702;477;702;105;153
1175;165;702;477;702;105;153
1176;153001029;702;417;702;56;153
1177;150001029;702;357;702;160;153
1178;165;702;357;702;160;153
1179;165;702;704;702;30;702
1180;150001029;702;296;702;24;153
1181;153001029;702;163;702;135;153
1182;150001029;702;374;702;202;153
1183;165;702;515;702;232;153
1184;165;702;397;702;55;153
1185;165;702;354;702;41;153
1186;150001029;702;208;702;222;153
1187;150001029;702;163;702;136;153
1188;165;702;416;702;230;153
1189;165;702;346;702;162;153
1190;150001029;702;416;702;230;153
1191;150001029;702;443;702;184;153
1192;153001029;702;434;702;102;153
1193;165;702;163;702;136;153
1194;153001029;702;346;702;161;153
1195;150001029;702;461;702;182;153
1196;165;702;587;702;13;585
1197;165;702;396;702;200;153
1198;153001029;702;416;702;229;153
1199;153001029;702;296;702;24;153
1200;150001029;702;354;702;41;153
1201;150001029;702;434;702;103;153
1202;150001029;702;396;702;200;153
1203;153001029;702;374;702;201;153
1204;150001029;702;513;702;79;153
1205;165;702;500;702;13;153
1206;153001029;702;461;702;181;153
1207;153001029;702;278;702;36;153
1208;153001029;702;513;702;78;153
1209;153001029;702;397;702;54;153
1210;150001029;702;397;702;55;153
1211;153001029;702;208;702;221;153
1212;150001029;702;398;702;134;153
1213;165;702;443;702;184;153
1214;165;702;377;702;30;153
1215;165;702;398;702;134;153
1216;153001029;702;477;702;104;153
1217;153001029;702;496;702;213;153
1218;153001029;702;515;702;231;153
1219;153001029;702;354;702;40;153
1220;150001029;702;704;702;30;702
1221;153001029;702;443;702;183;153
1222;165;702;255;702;13;153
1223;165;702;296;702;24;153
1224;153001029;715;699;715;400;10
1225;150001029;715;1773;715;412;28
1226;150001029;715;2148;715;347;53
1227;165;715;278;715;441;153
1228;153001029;715;1772;715;169;28
1229;153001029;715;866;715;414;715
1230;153001029;715;866;715;414;715
1231;153001029;715;2147;715;36;53
1232;153001029;715;905;715;350;902
1233;153001029;715;866;715;127;715
1234;153001029;715;866;715;169;715
1235;153001029;715;866;715;127;715
1236;153001029;715;866;715;169;715
1237;153001029;715;868;715;27;715
1238;153001029;715;868;715;27;715
1239;153001029;715;866;715;400;715
1240;153001029;715;866;715;400;715
1241;150001029;715;885;715;294;715
1242;153001029;715;904;715;169;902
1243;165;715;442;715;357;153
1244;153001029;715;1772;715;29;28
1245;153001029;715;2148;715;249;53
1246;153001029;715;698;715;29;10
1247;150001029;715;2149;715;412;53
1248;153001029;715;873;715;94;715
1249;153001029;715;867;715;27;715
1250;153001029;715;867;715;27;715
1251;150001029;715;904;715;238;902
1252;153001029;715;698;715;36;10
1253;153001029;715;905;715;38;902
1254;153001029;715;2149;715;30;53
1255;153001029;715;351;715;212;153
1256;153001029;715;2147;715;108;53
1257;153001029;715;418;715;324;153
1258;153001029;715;894;715;421;715
1259;153001029;715;2148;715;36;53
1260;153001029;715;511;715;146;153
1261;150001029;715;511;715;149;153
1262;150001029;715;1772;715;238;28
1263;153001029;715;904;715;29;902
1264;153001029;715;867;715;108;715
1265;153001029;715;867;715;108;715
1266;153001029;715;699;715;37;10
1267;153001029;715;2149;715;400;53
1268;150001029;715;351;715;216;153
1269;153001029;715;1772;715;108;28
1270;150001029;715;738;715;401;715
1271;153001029;715;1773;715;37;28
1272;153001029;715;698;715;108;10
1273;150001029;715;278;715;441;153
1274;150001029;715;738;715;401;715
1275;153001029;715;866;715;27;715
1276;153001029;715;866;715;27;715
1277;153001029;715;1772;715;36;28
1278;153001029;715;1773;715;30;28
1279;165;715;278;715;420;153
1280;153001029;715;878;715;250;715
1281;153001029;715;2149;715;37;53
1282;150001029;715;905;715;359;902
1283;153001029;715;721;715;170;715
1284;150001029;715;278;715;420;153
1285;153001029;715;721;715;170;715
1286;153001029;715;1773;715;400;28
1287;153001029;715;867;715;104;715
1288;153001029;715;867;715;104;715
1289;153001029;715;905;715;31;902
1290;165;715;351;715;216;153
1291;153001029;715;885;715;293;715
1292;153001029;715;295;715;215;153
1293;153001029;715;904;715;36;902
1294;153001029;715;698;715;169;10
1295;153001029;715;2148;715;29;53
1296;153001029;715;278;715;327;153
1297;150001029;715;698;715;238;10
1298;153001029;715;866;715;249;715
1299;153001029;715;867;715;112;715
1300;153001029;715;867;715;112;715
1301;153001029;715;866;715;249;715
1302;153001029;715;895;715;442;715
1303;150001029;715;442;715;357;153
1304;153001029;715;699;715;30;10
1305;165;715;511;715;149;153
1306;153001029;715;442;715;354;153
1307;150001029;715;699;715;412;10
1308;153001029;715;278;715;420;153
1309;153001029;715;278;715;420;153
1310;150001029;715;2147;715;238;53
1311;153001029;715;2148;715;112;53
1312;153001029;715;2147;715;169;53
1313;153001029;715;869;715;128;715
1314;153001029;715;295;715;402;153
1315;153001029;715;295;715;402;153
1316;153001029;715;295;715;402;153
1317;153001029;715;904;715;108;902
1318;153001029;715;2147;715;29;53
1319;153001029;715;278;715;441;153
1320;153001029;715;278;715;441;153
1321;153001029;897;896;897;30;10
1322;150001029;897;896;897;34;10
1323;150001029;900;957;900;658;900
1324;153001029;900;901;900;7;900
1325;150001029;900;944;900;81;900
1326;150001029;900;431;900;23;153
1327;150001029;900;944;900;80;900
1328;153001029;900;926;900;29;900
1329;165;900;671;900;203;663
1330;153001029;900;278;900;8;153
1331;150001029;900;671;900;206;663
1332;153001029;900;278;900;844;153
1333;150001029;900;995;900;819;900
1334;165;900;670;900;260;663
1335;150001029;900;670;900;258;663
1336;150001029;900;671;900;259;663
1337;165;900;957;900;658;900
1338;150001029;900;377;900;20;153
1339;165;900;929;900;35;927
1340;150001029;900;671;900;262;663
1341;150001029;900;929;900;35;927
1342;165;900;944;900;80;900
1343;150001029;900;995;900;820;900
1344;153001029;900;666;900;826;663
1345;150001029;900;956;900;649;900
1346;150001029;900;670;900;260;663
1347;150001029;900;926;900;25;900
1348;165;900;377;900;20;153
1349;153001029;900;926;900;38;900
1350;165;900;944;900;81;900
1351;165;900;671;900;206;663
1352;165;900;944;900;102;900
1353;150001029;900;670;900;204;663
1354;153001029;900;672;900;243;663
1355;165;900;671;900;262;663
1356;165;900;995;900;819;900
1357;150001029;900;955;900;623;900
1358;150001029;900;958;900;673;900
1359;150001029;900;944;900;102;900
1360;150001029;900;671;900;203;663
1361;165;900;431;900;23;153
1362;165;900;995;900;820;900
1363;150001029;900;958;900;674;900
1364;165;900;958;900;674;900
1365;165;900;926;900;25;900
1366;150001029;900;670;900;202;663
1367;165;900;671;900;259;663
1368;165;900;958;900;673;900
1369;165;900;956;900;649;900
1370;165;900;670;900;258;663
1371;165;900;955;900;623;900
1372;165;900;670;900;202;663
1373;165;900;670;900;204;663
1374;153001029;902;913;902;41;907
1375;165;902;377;902;184;153
1376;165;902;500;902;218;153
1377;165;902;351;902;147;153
1378;153001029;902;917;902;107;907
1379;165;902;921;902;182;902
1380;150001029;902;737;902;127;715
1381;153001029;902;367;902;99;153
1382;165;902;351;902;131;153
1383;153001029;902;672;902;120;663
1384;150001029;902;920;902;148;902
1385;165;902;922;902;189;902
1386;150001029;902;500;902;218;153
1387;153001029;902;914;902;59;907
1388;153001029;902;683;902;184;663
1389;150001029;902;255;902;218;153
1390;153001029;902;915;902;62;907
1391;153001029;902;351;902;130;153
1392;165;902;255;902;218;153
1393;150001029;902;924;902;198;902
1394;153001029;902;910;902;33;907
1395;153001029;902;314;902;99;153
1396;150001029;902;351;902;131;153
1397;150001029;902;351;902;147;153
1398;150001029;902;922;902;189;902
1399;165;902;924;902;198;902
1400;150001029;902;377;902;184;153
1401;153001029;902;911;902;55;907
1402;153001029;902;916;902;70;907
1403;153001029;902;351;902;142;153
1404;153001029;902;903;902;19;902
1405;153001029;902;903;902;19;902
1406;153001029;902;903;902;19;902
1407;153001029;902;903;902;19;902
1408;150001029;902;921;902;182;902
1409;153001029;902;919;902;204;907
1410;153001029;902;912;902;37;907
1411;165;902;923;902;195;902
1412;153001029;902;909;902;29;907
1413;153001029;902;918;902;200;907
1414;165;902;920;902;147;902
1415;150001029;902;923;902;195;902
1416;153001029;907;908;907;3;907
1417;153001029;927;278;927;48;153
1418;153001029;927;278;927;38;153
1419;153001029;927;928;927;9;927
1420;153001029;999;1053;999;112;1049
1421;150001029;999;708;999;30;702
1422;165;999;708;999;30;702
1423;150001029;999;594;999;48;585
1424;150001029;999;598;999;67;585
1425;165;999;598;999;67;585
1426;150001029;999;598;999;90;585
1427;150001029;999;921;999;107;902
1428;165;999;921;999;107;902
1429;153001029;999;1052;999;112;1049
1430;153001029;999;1001;999;18;999
1431;165;999;594;999;48;585
1432;165;999;598;999;90;585
1433;153001029;999;1051;999;215;1049
1434;150001029;999;710;999;36;702
1435;165;999;707;999;27;702
1436;150001029;999;709;999;33;702
1437;150001029;999;707;999;27;702
1438;165;999;709;999;33;702
1439;165;999;710;999;36;702
1440;153001029;1002;707;1002;18;702
1441;153001029;1002;708;1002;30;702
1442;153001029;1002;278;1002;14;153
1443;153001029;1002;709;1002;42;702
1444;153001029;1002;278;1002;86;153
1445;153001029;1002;710;1002;54;702
1446;150001029;1020;1029;1020;8;1022
1447;165;1020;1029;1020;8;1022
1448;150001029;1020;1032;1020;8;1022
1449;165;1020;1032;1020;8;1022
1450;150001029;1020;594;1020;16;585
1451;165;1020;1027;1020;8;1023
1452;153001029;1020;1033;1020;55;1022
1453;165;1020;594;1020;16;585
1454;165;1020;1028;1020;8;1023
1455;153001029;1020;255;1020;23;153
1456;153001029;1020;1021;1020;1;1020
1457;150001029;1022;694;1022;26;552
1458;150001029;1022;694;1022;24;552
1459;165;1022;694;1022;23;552
1460;150001029;1022;694;1022;23;552
1461;165;1022;694;1022;26;552
1462;150001029;1022;1027;1022;16;1023
1463;150001029;1022;694;1022;33;552
1464;153001029;1022;1021;1022;9;1020
1465;165;1022;694;1022;33;552
1466;165;1022;694;1022;24;552
1467;150001029;1022;1028;1022;19;1023
1468;150001029;1023;1027;1023;20;1023
1469;150001029;1045;780;1045;79;700
1470;150001029;1045;1063;1045;49;1045
1471;165;1045;594;1045;35;585
1472;150001029;1045;1064;1045;49;1045
1473;165;1045;594;1045;51;585
1474;165;1045;594;1045;57;585
1475;165;1045;594;1045;40;585
1476;165;1045;1066;1045;49;1045
1477;165;1045;1063;1045;49;1045
1478;150001029;1045;756;1045;74;700
1479;150001029;1045;780;1045;76;700
1480;165;1045;1064;1045;49;1045
1481;165;1045;780;1045;76;700
1482;150001029;1045;594;1045;40;585
1483;150001029;1045;1066;1045;49;1045
1484;150001029;1045;594;1045;51;585
1485;150001029;1045;594;1045;57;585
1486;165;1045;599;1045;78;585
1487;150001029;1045;757;1045;84;700
1488;165;1045;780;1045;79;700
1489;165;1045;756;1045;74;700
1490;165;1045;757;1045;84;700
1491;150001029;1045;594;1045;35;585
1492;150001029;1045;599;1045;78;585
1493;165;1049;922;1049;42;902
1494;150001029;1049;922;1049;42;902
1495;165;1055;594;1055;40;585
1496;150001029;1055;594;1055;40;585
1497;153001029;1057;1052;1057;41;1049
1498;153001029;1057;1058;1057;36;1057
1499;153001029;1057;1053;1057;41;1049
1500;153001029;1106;278;1106;14;153
1501;165;1108;1112;1108;26;1108
1502;150001029;1108;351;1108;16;153
1503;165;1108;1110;1108;26;1108
1504;150001029;1108;1111;1108;19;1108
1505;165;1108;1111;1108;26;1108
1506;150001029;1108;1110;1108;19;1108
1507;165;1108;351;1108;16;153
1508;153001029;1108;278;1108;95;153
1509;153001029;1108;278;1108;12;153
1510;165;1108;595;1108;29;585
1511;150001029;1108;595;1108;29;585
1512;150001029;1108;1112;1108;26;1108
1513;153001029;1115;278;1115;14;153
1514;153001029;1115;368;1115;35;153
1515;153001029;1115;278;1115;82;153
1516;153001029;1115;1001;1115;10;999
1517;150001029;1116;1028;1116;60;1023
1518;165;1116;1028;1116;60;1023
1519;150001029;1116;1026;1116;60;1023
1520;153001029;1116;1038;1116;16;1020
1521;153001029;1116;1040;1116;22;1020
1522;165;1116;1027;1116;30;1023
1523;165;1116;1026;1116;60;1023
1524;165;1116;1027;1116;40;1023
1525;165;1116;1028;1116;30;1023
1526;165;1116;1028;1116;40;1023
1527;150001029;1116;1028;1116;40;1023
1528;150001029;1116;594;1116;36;585
1529;150001029;1116;1027;1116;40;1023
1530;150001029;1116;1027;1116;30;1023
1531;150001029;1116;1028;1116;30;1023
1532;153001029;1116;1039;1116;19;1020
1533;165;1116;594;1116;36;585
1534;165;1116;1027;1116;60;1023
1535;153001029;1116;1041;1116;25;1020
1536;165;1119;788;1119;28;700
1537;165;1119;788;1119;16;700
1538;150001029;1119;788;1119;22;700
1539;153001029;1119;278;1119;34;153
1540;150001029;1119;788;1119;28;700
1541;153001029;1119;278;1119;12;153
1542;150001029;1119;788;1119;16;700
1543;165;1119;788;1119;22;700
1544;153001029;1133;368;1133;5;153
1545;150001029;1144;694;1144;15;552
1546;165;1144;694;1144;14;552
1547;150001029;1144;694;1144;24;552
1548;150001029;1144;694;1144;30;552
1549;150001029;1144;694;1144;18;552
1550;165;1144;694;1144;30;552
1551;150001029;1144;694;1144;14;552
1552;165;1144;694;1144;18;552
1553;165;1144;694;1144;16;552
1554;150001029;1144;694;1144;16;552
1555;165;1144;694;1144;15;552
1556;165;1144;694;1144;24;552
1557;150001029;1150;757;1150;38;700
1558;150001029;1150;756;1150;33;700
1559;165;1150;757;1150;38;700
1560;165;1150;756;1150;33;700
1561;153001029;1774;1775;1774;3;1774
1562;165;1776;599;1776;63;585
1563;165;1776;602;1776;76;585
1564;165;1776;807;1776;67;700
1565;165;1776;599;1776;35;585
1566;150001029;1776;791;1776;59;700
1567;150001029;1776;599;1776;70;585
1568;165;1776;594;1776;45;585
1569;150001029;1776;791;1776;54;700
1570;165;1776;791;1776;54;700
1571;165;1776;807;1776;46;700
1572;165;1776;594;1776;63;585
1573;165;1776;599;1776;70;585
1574;165;1776;791;1776;60;700
1575;150001029;1776;791;1776;60;700
1576;150001029;1776;807;1776;64;700
1577;153001029;1776;733;1776;39;715
1578;150001029;1776;599;1776;45;585
1579;165;1776;594;1776;50;585
1580;165;1776;791;1776;59;700
1581;165;1776;757;1776;74;700
1582;150001029;1776;791;1776;57;700
1583;150001029;1776;757;1776;74;700
1584;165;1776;594;1776;56;585
1585;150001029;1776;807;1776;46;700
1586;165;1776;599;1776;53;585
1587;150001029;1776;594;1776;56;585
1588;150001029;1776;599;1776;35;585
1589;150001029;1776;807;1776;67;700
1590;165;1776;599;1776;45;585
1591;150001029;1776;791;1776;58;700
1592;150001029;1776;756;1776;44;700
1593;150001029;1776;791;1776;61;700
1594;150001029;1776;807;1776;65;700
1595;165;1776;807;1776;68;700
1596;165;1776;756;1776;44;700
1597;165;1776;598;1776;53;585
1598;165;1776;601;1776;53;585
1599;150001029;1776;602;1776;76;585
1600;150001029;1776;807;1776;68;700
1601;150001029;1776;594;1776;50;585
1602;150001029;1776;599;1776;53;585
1603;165;1776;807;1776;64;700
1604;165;1776;791;1776;61;700
1605;150001029;1776;594;1776;45;585
1606;150001029;1776;601;1776;53;585
1607;150001029;1776;594;1776;63;585
1608;150001029;1776;598;1776;53;585
1609;165;1776;807;1776;65;700
1610;150001029;1776;599;1776;63;585
1611;165;1776;791;1776;57;700
1612;165;1776;791;1776;58;700
1613;153001029;1862;1952;1862;42;1866
1614;150001029;1862;278;1862;41;153
1615;165;1862;278;1862;41;153
1616;153001029;1862;2028;1862;66;1866
1617;153001029;1862;278;1862;29;153
1618;153001029;1862;2140;1862;79;1866
1619;153001029;1862;2038;1862;45;1866
1620;165;1862;2108;1862;50;1866
1621;150001029;1862;2108;1862;50;1866
1622;165;1865;1876;1865;195;1866
1623;153001029;1865;1952;1865;86;1866
1624;150001029;1865;278;1865;85;153
1625;153001029;1865;1952;1865;136;1866
1626;165;1865;1901;1865;125;1866
1627;165;1865;2108;1865;46;1866
1628;150001029;1865;1876;1865;195;1866
1629;165;1865;278;1865;81;153
1630;165;1865;278;1865;85;153
1631;153001029;1865;2028;1865;152;1866
1632;165;1865;278;1865;158;153
1633;165;1865;2098;1865;184;1866
1634;150001029;1865;278;1865;135;153
1635;165;1865;1926;1865;195;1921
1636;165;1865;1924;1865;195;1921
1637;165;1865;278;1865;106;153
1638;150001029;1865;1876;1865;123;1866
1639;150001029;1865;2145;1865;76;1865
1640;165;1865;1924;1865;123;1921
1641;153001029;1865;2038;1865;159;1866
1642;165;1865;278;1865;135;153
1643;150001029;1865;1940;1865;184;1866
1644;150001029;1865;1902;1865;234;1866
1645;150001029;1865;278;1865;81;153
1646;165;1865;278;1865;131;153
1647;165;1865;1876;1865;123;1866
1648;153001029;1865;2038;1865;107;1866
1649;150001029;1865;278;1865;131;153
1650;150001029;1865;278;1865;158;153
1651;150001029;1865;1901;1865;197;1866
1652;153001029;1865;1945;1865;81;1866
1653;150001029;1865;278;1865;106;153
1654;153001029;1865;2140;1865;170;1866
1655;150001029;1865;1902;1865;181;1866
1656;150001029;1865;1901;1865;125;1866
1657;165;1865;1902;1865;234;1866
1658;165;1865;1901;1865;197;1866
1659;165;1865;1926;1865;123;1921
1660;165;1865;1940;1865;184;1866
1661;150001029;1865;2108;1865;46;1866
1662;153001029;1865;1945;1865;131;1866
1663;165;1865;1902;1865;181;1866
1664;153001029;1866;2056;1866;1928;1866
1665;150001029;1866;1900;1866;275;1866
1666;153001029;1866;2033;1866;1863;1866
1667;150001029;1866;2098;1866;614;1866
1668;150001029;1866;278;1866;234;153
1669;153001029;1866;2043;1866;1898;1866
1670;165;1866;1929;1866;564;1921
1671;153001029;1866;2072;1866;1943;1866
1672;150001029;1866;278;1866;562;153
1673;153001029;1866;2048;1866;1923;1866
1674;153001029;1866;1943;1866;1638;1866
1675;153001029;1866;2057;1866;1933;1866
1676;153001029;1866;2010;1866;1813;1866
1677;165;1866;278;1866;603;153
1678;150001029;1866;278;1866;110;153
1679;165;1866;278;1866;1629;153
1680;153001029;1866;2011;1866;1818;1866
1681;150001029;1866;511;1866;232;153
1682;165;1866;278;1866;576;153
1683;153001029;1866;2022;1866;1833;1866
1684;150001029;1866;492;1866;153;153
1685;153001029;1866;2037;1866;1873;1866
1686;150001029;1866;1926;1866;74;1921
1687;150001029;1866;278;1866;96;153
1688;165;1866;278;1866;126;153
1689;153001029;1866;1953;1866;1678;1866
1690;153001029;1866;2071;1866;1938;1866
1691;150001029;1866;1895;1866;438;1866
1692;150001029;1866;1894;1866;563;1866
1693;153001029;1866;2042;1866;1893;1866
1694;153001029;1866;2024;1866;1843;1866
1695;165;1866;1875;1866;69;1866
1696;153001029;1866;1947;1866;1653;1866
1697;150001029;1866;1894;1866;241;1866
1698;153001029;1866;2074;1866;1953;1866
1699;165;1866;492;1866;153;153
1700;153001029;1866;1949;1866;1663;1866
1701;153001029;1866;1929;1866;555;1921
1702;165;1866;278;1866;135;153
1703;153001029;1866;1992;1866;1743;1866
1704;165;1866;1894;1866;563;1866
1705;150001029;1866;278;1866;576;153
1706;150001029;1866;278;1866;100;153
1707;153001029;1866;2000;1866;1778;1866
1708;153001029;1866;1982;1866;1708;1866
1709;150001029;1866;1895;1866;250;1866
1710;153001029;1866;2014;1866;1823;1866
1711;153001029;1866;1956;1866;1688;1866
1712;165;1866;1895;1866;562;1866
1713;153001029;1866;1958;1866;1698;1866
1714;153001029;1866;1989;1866;1733;1866
1715;153001029;1866;1990;1866;1738;1866
1716;165;1866;278;1866;110;153
1717;165;1866;1894;1866;241;1866
1718;153001029;1866;2046;1866;1913;1866
1719;153001029;1866;1926;1866;540;1921
1720;150001029;1866;278;1866;1629;153
1721;165;1866;511;1866;232;153
1722;165;1866;278;1866;96;153
1723;165;1866;278;1866;118;153
1724;153001029;1866;2031;1866;1853;1866
1725;153001029;1866;1869;1866;30;1866
1726;165;1866;1920;1866;565;1866
1727;153001029;1866;2001;1866;1783;1866
1728;153001029;1866;1994;1866;1753;1866
1729;165;1866;278;1866;234;153
1730;153001029;1866;1948;1866;1658;1866
1731;153001029;1866;2015;1866;1828;1866
1732;153001029;1866;2036;1866;1868;1866
1733;153001029;1866;1954;1866;1683;1866
1734;165;1866;278;1866;100;153
1735;153001029;1866;1983;1866;1713;1866
1736;153001029;1866;2025;1866;1848;1866
1737;150001029;1866;351;1866;231;153
1738;150001029;1866;278;1866;84;153
1739;153001029;1866;439;1866;638;153
1740;153001029;1866;2009;1866;1803;1866
1741;153001029;1866;1950;1866;1668;1866
1742;150001029;1866;1895;1866;562;1866
1743;153001029;1866;2023;1866;1838;1866
1744;153001029;1866;2041;1866;1888;1866
1745;165;1866;1900;1866;275;1866
1746;150001029;1866;278;1866;603;153
1747;153001029;1866;283;1866;84;153
1748;165;1866;278;1866;1634;153
1749;153001029;1866;1984;1866;1718;1866
1750;153001029;1866;2044;1866;1903;1866
1751;153001029;1866;2045;1866;1908;1866
1752;150001029;1866;278;1866;573;153
1753;150001029;1866;278;1866;1634;153
1754;153001029;1866;1951;1866;1673;1866
1755;153001029;1866;1957;1866;1693;1866
1756;150001029;1866;278;1866;126;153
1757;165;1866;351;1866;231;153
1758;153001029;1866;1995;1866;1758;1866
1759;153001029;1866;2040;1866;1883;1866
1760;165;1866;1895;1866;438;1866
1761;153001029;1866;1993;1866;1748;1866
1762;153001029;1866;2047;1866;1918;1866
1763;150001029;1866;278;1866;135;153
1764;153001029;1866;1944;1866;1643;1866
1765;150001029;1866;1875;1866;69;1866
1766;153001029;1866;1985;1866;1723;1866
1767;153001029;1866;278;1866;59;153
1768;165;1866;278;1866;84;153
1769;150001029;1866;278;1866;118;153
1770;153001029;1866;1946;1866;1648;1866
1771;153001029;1866;2008;1866;1798;1866
1772;165;1866;1895;1866;250;1866
1773;153001029;1866;1996;1866;1768;1866
1774;153001029;1866;2002;1866;1788;1866
1775;153001029;1866;1997;1866;1773;1866
1776;153001029;1866;2073;1866;1948;1866
1777;150001029;1866;1929;1866;564;1921
1778;165;1866;278;1866;562;153
1779;165;1866;278;1866;573;153
1780;153001029;1866;1988;1866;1728;1866
1781;150001029;1866;1920;1866;565;1866
1782;153001029;1866;1959;1866;1703;1866
1783;153001029;1866;2032;1866;1858;1866
1784;150001029;1921;1924;1921;46;1921
1785;153001029;1921;367;1921;36;153
1786;153001029;2150;278;2150;11;153
1787;153001029;2150;278;2150;17;153
1788;153001029;2152;255;2152;15;153
1789;165;2155;594;2155;26;585
1790;150001029;2155;601;2155;52;585
1791;165;2155;594;2155;83;585
1792;150001029;2155;594;2155;26;585
1793;153001029;2155;278;2155;15;153
1794;150001029;2155;595;2155;37;585
1795;165;2155;601;2155;52;585
1796;150001029;2155;594;2155;83;585
1797;165;2155;595;2155;23;585
1798;150001029;2155;599;2155;26;585
1799;150001029;2155;595;2155;23;585
1800;150001029;2155;599;2155;52;585
1801;165;2155;599;2155;26;585
1802;153001029;2155;278;2155;87;153
1803;165;2155;601;2155;42;585
1804;150001029;2155;601;2155;32;585
1805;150001029;2155;601;2155;42;585
1806;150001029;2155;594;2155;52;585
1807;165;2155;599;2155;52;585
1808;165;2155;601;2155;32;585
1809;165;2155;595;2155;37;585
1810;165;2155;594;2155;52;585
1811;165;2155;598;2155;29;585
1812;150001029;2155;598;2155;29;585
1813;150001029;2192;501;2192;83;153
1814;150001029;2192;1880;2192;73;1866
1815;150001029;2192;1880;2192;83;1866
1816;150001029;2192;1880;2192;77;1866
1817;165;2192;542;2192;102;153
1818;165;2192;1901;2192;50;1866
1819;165;2192;542;2192;101;153
1820;165;2192;1924;2192;48;1921
1821;150001029;2192;1876;2192;48;1866
1822;165;2192;501;2192;84;153
1823;165;2192;1880;2192;83;1866
1824;165;2192;1880;2192;77;1866
1825;165;2192;1902;2192;106;1866
1826;153001029;2192;1942;2192;99;1866
1827;150001029;2192;1901;2192;50;1866
1828;150001029;2192;2195;2192;42;2192
1829;165;2192;1880;2192;73;1866
1830;153001029;2192;501;2192;82;153
1831;165;2192;1880;2192;69;1866
1832;150001029;2192;501;2192;84;153
1833;150001029;2192;1880;2192;100;1866
1834;165;2192;1880;2192;100;1866
1835;150001029;2192;542;2192;102;153
1836;150001029;2192;542;2192;101;153
1837;150001029;2192;1880;2192;69;1866
1838;150001029;2192;1902;2192;106;1866
1839;165;2192;1926;2192;48;1921
1840;165;2192;501;2192;83;153
1841;153001029;2192;2130;2192;59;1866
1842;165;2192;1876;2192;48;1866
1843;101;5;10;5;6;10
1844;101;10;715;10;36;715
1845;101;10;900;10;60;900
1846;101;10;897;10;40;897
1847;101;10;700;10;35;700
1848;101;10;552;10;29;552
1849;101;10;999;10;61;999
1850;101;10;1150;10;79;1150
1851;101;27;28;27;6;28
1852;101;28;1778;28;175;1778
1853;101;28;585;28;13;585
1854;101;28;1776;28;24;1776
1855;101;28;715;28;17;715
1856;101;28;552;28;10;552
1857;101;28;900;28;11;900
1858;101;28;1774;28;20;1774
1859;101;28;700;28;12;700
1860;101;36;37;36;6;37
1861;101;45;37;45;6;37
1862;101;45;46;45;7;46
1863;101;50;1862;50;6;1862
1864;101;52;46;52;2;46
1865;101;52;1862;52;3;1862
1866;101;52;37;52;1;37
1867;101;53;700;53;19;700
1868;101;53;900;53;18;900
1869;101;53;579;53;10;579
1870;101;53;2152;53;22;2152
1871;101;53;715;53;16;715
1872;101;53;2150;53;20;2150
1873;101;53;552;53;11;552
1874;101;53;2155;53;26;2155
1875;101;62;46;62;2;46
1876;101;62;2444;62;1;2444
1877;101;69;70;69;1;70
1878;101;101;1862;101;6;1862
1879;101;101;37;101;7;37
1880;101;106;46;106;6;46
1881;101;113;2444;113;6;2444
1882;101;115;37;115;6;37
1883;101;118;28;118;7;28
1884;101;118;10;118;6;10
1885;101;125;28;125;7;28
1886;101;125;10;125;6;10
1887;101;132;1862;132;6;1862
1888;101;552;576;552;11;576
1889;101;552;554;552;10;554
1890;101;554;556;554;14;556
1891;101;576;663;576;238;663
1892;101;576;579;576;4;579
1893;101;576;585;576;5;585
1894;101;585;556;585;28;556
1895;101;700;702;700;45;702
1896;101;700;585;700;46;585
1897;101;700;715;700;47;715
1898;101;702;585;702;8;585
1899;101;900;552;900;13;552
1900;101;900;927;900;34;927
1901;101;900;902;900;15;902
1902;101;900;715;900;14;715
1903;101;902;554;902;25;554
1904;101;902;576;902;26;576
1905;101;902;715;902;24;715
1906;101;902;907;902;27;907
1907;101;907;702;907;6;702
1908;101;999;552;999;20;552
1909;101;999;1002;999;46;1002
1910;101;999;1115;999;224;1115
1911;101;999;1020;999;49;1020
1912;101;999;907;999;22;907
1913;101;999;1045;999;50;1045
1914;101;999;902;999;45;902
1915;101;999;700;999;21;700
1916;101;999;585;999;222;585
1917;101;999;1106;999;223;1106
1918;101;1002;702;1002;12;702
1919;101;1020;1022;1020;6;1022
1920;101;1020;902;1020;5;902
1921;101;1020;700;1020;4;700
1922;101;1022;1023;1022;14;1023
1923;101;1022;552;1022;13;552
1924;101;1045;700;1045;13;700
1925;101;1045;1047;1045;14;1047
1926;101;1045;1055;1045;16;1055
1927;101;1045;1049;1045;15;1049
1928;101;1049;902;1049;34;902
1929;101;1055;1057;1055;38;1057
1930;101;1055;700;1055;37;700
1931;101;1057;902;1057;39;902
1932;101;1106;1108;1106;12;1108
1933;101;1115;1116;1115;19;1116
1934;101;1115;1057;1115;21;1057
1935;101;1115;1144;1115;80;1144
1936;101;1115;1133;1115;20;1133
1937;101;1116;1020;1116;13;1020
1938;101;1116;1119;1116;38;1119
1939;101;1116;576;1116;12;576
1940;101;1144;999;1144;12;999
1941;101;1150;927;1150;13;927
1942;101;1150;700;1150;12;700
1943;101;1774;554;1774;6;554
1944;101;1774;576;1774;7;576
1945;101;1776;700;1776;32;700
1946;101;1776;902;1776;33;902
1947;101;1776;1774;1776;36;1774
1948;101;1862;1865;1862;36;1865
1949;101;1865;1866;1865;41;1866
1950;101;1865;53;1865;75;53
1951;101;1865;2192;1865;77;2192
1952;101;1866;1921;1866;533;1921
1953;101;1866;1930;1866;536;1930
1954;101;2152;552;2152;10;552
1955;101;2152;900;2152;11;900
1956;101;2155;2157;2155;13;2157
1957;101;2155;700;2155;12;700
1958;101;2192;1866;2192;35;1866
1959;101;2192;53;2192;38;53
1960;150002002;1228;1229;897;40;3
1961;150002002;1230;1228;10;46;897
1962;150002002;1232;1208;907;17;702
1963;150002002;1233;1206;907;20;702
1964;150002002;1234;1207;907;23;702
1965;150002002;1237;1207;907;34;702
1966;150002002;1238;1207;907;37;702
1967;150002002;1239;1209;907;40;702
1968;150002002;1241;1205;907;46;702
1969;150002002;1245;1207;902;67;702
1970;150002002;1246;1207;902;90;702
1971;150002002;1248;1243;902;102;902
1972;150002002;1249;1247;902;105;902
1973;150002002;1251;1247;902;122;902
1974;150002002;1254;1253;902;158;902
1975;150047002;1257;1258;902;165;902
1976;169;1257;1258;902;169;902
1977;150047002;1259;1231;902;167;715
1978;150002002;1270;1229;902;219;3
1979;127;1273;1272;927;42;927
1980;127;1274;1272;927;43;927
1981;127;1275;1272;927;44;927
1982;127;1276;1272;927;45;927
1983;127;1277;1272;927;46;927
1984;127;1278;1272;927;47;927
1985;150002002;1279;1272;900;35;927
1986;150047002;1283;1282;900;54;900
1987;150047002;1288;1271;900;56;900
1988;150047002;1302;1271;900;83;900
1989;150047002;1303;1271;900;86;900
1990;150047002;1305;1304;900;99;900
1991;150047002;1308;1299;900;103;900
1992;169;1308;1299;900;103;900
1993;150047002;1318;1309;900;192;900
1994;169;1318;1309;900;192;900
1995;150047002;1321;1253;900;202;902
1996;150047002;1321;1222;900;203;715
1997;150047002;1322;1253;900;204;902
1998;150047002;1322;1222;900;206;715
1999;150047002;1323;1250;900;207;902
2000;150047002;1323;1250;900;207;902
2001;150047002;1325;1309;900;211;900
2002;169;1325;1309;900;211;900
2003;169;1330;1309;900;220;900
2004;150047002;1330;1309;900;220;900
2005;150047002;1332;1243;900;224;902
2006;167;1333;1372;900;227;900
2007;150047002;1334;1279;900;231;900
2008;169;1335;1255;900;233;902
2009;150047002;1343;1309;900;250;900
2010;169;1343;1309;900;250;900
2011;167;1345;1372;900;253;900
2012;150047002;1347;1253;900;258;902
2013;150047002;1347;1222;900;259;715
2014;150047002;1348;1222;900;262;715
2015;150047002;1348;1253;900;260;902
2016;150047002;1349;1250;900;263;902
2017;150047002;1349;1250;900;263;902
2018;169;1351;1309;900;267;900
2019;150047002;1351;1309;900;267;900
2020;169;1356;1309;900;276;900
2021;150047002;1356;1309;900;276;900
2022;150047002;1359;1247;900;282;902
2023;150047002;1360;1251;900;283;902
2024;150047002;1360;1251;900;283;902
2025;150047002;1361;1279;900;286;900
2026;169;1362;1255;900;288;902
2027;150002002;1363;1337;900;290;900
2028;150047002;1365;1364;900;298;900
2029;150047002;1367;1363;900;300;900
2030;150047002;1374;1363;900;620;900
2031;150047002;1375;1363;900;620;900
2032;150047002;1376;1363;900;620;900
2033;167;1380;2562;900;627;2561
2034;150047002;1383;1282;900;634;900
2035;150047002;1385;1282;900;636;900
2036;150047002;1386;1282;900;637;900
2037;150047002;1389;1390;900;643;900
2038;169;1389;1390;900;676;900
2039;150047002;1391;1392;900;645;900
2040;169;1391;1392;900;666;900
2041;150047002;1396;1289;900;650;900
2042;169;1396;1289;900;650;900
2043;169;1399;1368;900;653;900
2044;150047002;1399;1368;900;653;900
2045;169;1400;1255;900;654;902
2046;169;1401;1255;900;655;902
2047;169;1402;1255;900;656;902
2048;169;1406;1255;900;660;902
2049;169;1407;1255;900;661;902
2050;169;1408;1255;900;662;902
2051;169;1409;1255;900;663;902
2052;169;1410;1255;900;664;902
2053;169;1412;1413;900;675;900
2054;150047002;1412;1413;900;670;900
2055;150047002;1416;1304;900;680;900
2056;169;1417;1304;900;681;900
2057;150047002;1417;1304;900;681;900
2058;169;1419;1364;900;690;900
2059;150047002;1419;1364;900;690;900
2060;150047002;1420;1363;900;692;900
2061;169;1420;1337;900;692;900
2062;127;1421;1372;900;819;900
2063;127;1422;1372;900;820;900
2064;127;1423;1372;900;822;900
2065;127;1424;1372;900;828;900
2066;150002002;1425;1203;999;28;702
2067;150002002;1426;1205;999;31;702
2068;150002002;1427;1207;999;34;702
2069;150002002;1428;1209;999;37;702
2070;150002002;1429;1220;999;39;702
2071;150002002;1430;1202;1002;20;702
2072;150002002;1431;1203;1002;24;702
2073;150002002;1432;1204;1002;32;702
2074;150002002;1433;1205;1002;36;702
2075;150002002;1434;1206;1002;44;702
2076;150002002;1435;1207;1002;48;702
2077;150002002;1436;1208;1002;56;702
2078;150002002;1437;1209;1002;60;702
2079;150002002;1438;1218;1002;67;702
2080;150002002;1439;1219;1002;72;702
2081;150002002;1440;1220;1002;77;702
2082;150002002;1441;1221;1002;82;702
2083;127;1442;1207;1022;23;702
2084;127;1442;1207;1022;23;702
2085;127;1443;1205;1022;24;702
2086;127;1443;1205;1022;24;702
2087;150005002;1444;1207;1022;27;702
2088;150005002;1444;1207;1022;27;702
2089;150005002;1444;1207;1022;26;702
2090;150005002;1445;1205;1022;34;702
2091;150005002;1445;1205;1022;34;702
2092;150005002;1445;1205;1022;33;702
2093;150002002;1447;1268;1049;37;902
2094;150047002;1450;1448;1049;55;1049
2095;150047002;1451;1447;1049;56;1049
2096;150047002;1453;1448;1057;48;1049
2097;169;1456;1452;1055;59;1057
2098;150047002;1456;1452;1055;59;1057
2099;169;1457;1452;1055;60;1057
2100;150047002;1457;1452;1055;60;1057
2101;150002002;1458;1446;1045;20;1047
2102;150002002;1460;1459;1045;36;1045
2103;150002002;1461;1462;1045;50;1045
2104;150047002;1463;1459;1045;49;1045
2105;127;1464;1461;1045;76;1045
2106;127;1464;1461;1045;76;1045
2107;127;1464;1461;1045;77;1045
2108;127;1464;1449;1045;76;1049
2109;127;1465;1458;1045;81;1045
2110;127;1465;1461;1045;80;1045
2111;127;1465;1461;1045;79;1045
2112;127;1465;1461;1045;79;1045
2113;127;1465;1452;1045;79;1057
2114;150002002;1466;1207;999;55;702
2115;150002002;1467;1205;999;60;702
2116;150002002;1468;1221;999;64;702
2117;150002002;1476;1232;999;97;907
2118;150002002;1477;1233;999;102;907
2119;150002002;1481;1235;999;128;907
2120;150002002;1482;1236;999;129;907
2121;150002002;1483;1245;999;134;902
2122;150002002;1484;1239;999;139;907
2123;150002002;1485;1248;999;157;902
2124;150002002;1486;1234;999;161;907
2125;150002002;1487;1237;999;165;907
2126;150002002;1488;1238;999;169;907
2127;150002002;1489;1244;999;174;902
2128;150002002;1490;1240;999;179;907
2129;150002002;1491;1253;999;184;902
2130;150002002;1492;1246;999;189;902
2131;150002002;1493;1267;999;194;902
2132;150002002;1494;1264;999;199;902
2133;150002002;1495;1265;999;205;902
2134;150002002;1496;1269;999;211;902
2135;150002002;1497;1208;999;220;702
2136;150047002;1500;1498;1108;26;1108
2137;150047002;1529;1504;1106;30;1106
2138;151005005;1541;1540;1119;25;1119
2139;151005005;1541;1540;1119;25;1119
2140;151005005;1542;1541;1119;31;1119
2141;151005005;1542;1541;1119;31;1119
2142;150002002;1543;1452;1115;25;1057
2143;150002002;1544;1452;1115;30;1057
2144;150002002;1545;1249;1115;33;902
2145;150047002;1549;1485;1115;49;999
2146;150047002;1550;1485;1115;50;999
2147;150047002;1551;1489;1115;51;999
2148;127;1556;1486;1144;14;999
2149;127;1557;1486;1144;15;999
2150;127;1558;1486;1144;16;999
2151;150005002;1559;1486;1144;19;999
2152;150005002;1560;1486;1144;25;999
2153;150005002;1561;1486;1144;30;999
2154;150005002;1561;1486;1144;31;999
2155;150002002;1562;1363;10;66;900
2156;150002002;1563;1251;10;71;902
2157;127;1564;1222;1150;35;715
2158;127;1564;1562;1150;35;10
2159;127;1564;1491;1150;35;999
2160;127;1565;1562;1150;36;10
2161;127;1565;1222;1150;36;715
2162;127;1565;1491;1150;36;999
2163;127;1567;1562;10;186;10
2164;127;1570;1562;10;191;10
2165;127;1571;1562;10;192;10
2166;127;1572;1562;10;193;10
2167;127;1572;1562;10;193;10
2168;127;1573;1562;10;194;10
2169;127;1574;1562;10;195;10
2170;127;1574;1222;10;195;715
2171;127;1575;1562;10;196;10
2172;127;1576;1562;10;198;10
2173;127;1580;1228;10;206;897
2174;127;1580;1562;10;206;10
2175;127;1581;1228;10;208;897
2176;127;1582;1228;10;210;897
2177;127;1583;1562;10;212;10
2178;127;1584;1562;10;213;10
2179;127;1585;1562;10;214;10
2180;127;1586;1562;10;215;10
2181;127;1587;1562;10;216;10
2182;127;1590;1562;10;219;10
2183;127;1593;1562;10;222;10
2184;127;1594;1222;10;223;715
2185;127;1594;1222;10;223;715
2186;127;1594;1222;10;223;715
2187;127;1594;1562;10;223;10
2188;127;1595;1222;10;224;715
2189;127;1595;1222;10;224;715
2190;127;1595;1562;10;224;10
2191;127;1595;1222;10;224;715
2192;127;1596;1562;10;228;10
2193;127;1596;1563;10;228;10
2194;127;1597;1562;10;230;10
2195;127;1598;1562;10;234;10
2196;127;1598;1563;10;234;10
2197;127;1599;1562;10;236;10
2198;127;1600;1562;10;237;10
2199;127;1601;1562;10;238;10
2200;127;1602;1562;10;239;10
2201;127;1603;1562;10;240;10
2202;127;1605;1562;10;243;10
2203;127;1609;1562;10;257;10
2204;127;1609;1485;10;257;999
2205;127;1610;1562;10;258;10
2206;127;1610;1485;10;258;999
2207;127;1611;1222;10;266;715
2208;127;1611;1222;10;266;715
2209;127;1612;1228;10;268;897
2210;127;1612;1222;10;268;715
2211;127;1612;1222;10;268;715
2212;127;1613;1562;10;270;10
2213;127;1613;1228;10;270;897
2214;127;1614;1228;10;272;897
2215;127;1615;1228;10;274;897
2216;127;1617;1222;10;286;715
2217;127;1618;1222;10;288;715
2218;127;1620;1562;10;294;10
2219;127;1621;1562;10;296;10
2220;127;1626;1222;10;306;715
2221;127;1626;1222;10;306;715
2222;127;1627;1228;10;308;897
2223;127;1628;1228;10;310;897
2224;127;1628;1222;10;310;715
2225;127;1629;1228;10;312;897
2226;127;1629;1222;10;312;715
2227;127;1630;1228;10;314;897
2228;127;1631;1562;10;316;10
2229;127;1631;1228;10;316;897
2230;127;1632;1562;10;318;10
2231;127;1632;1228;10;318;897
2232;127;1633;1228;10;320;897
2233;127;1634;1228;10;322;897
2234;127;1635;1228;10;324;897
2235;127;1636;1228;10;326;897
2236;127;1637;1222;10;328;715
2237;127;1637;1222;10;328;715
2238;127;1637;1228;10;328;897
2239;127;1638;1562;10;339;10
2240;127;1639;1562;10;341;10
2241;127;1640;1562;10;344;10
2242;127;1641;1562;10;345;10
2243;127;1642;1562;10;349;10
2244;127;1643;1562;10;350;10
2245;127;1644;1562;10;354;10
2246;127;1645;1562;10;355;10
2247;127;1646;1562;10;358;10
2248;127;1648;1562;10;360;10
2249;127;1649;1562;10;361;10
2250;127;1650;1562;10;362;10
2251;127;1651;1562;10;363;10
2252;127;1654;1222;10;377;715
2253;127;1654;1222;10;377;715
2254;127;1654;1562;10;377;10
2255;127;1655;1562;10;380;10
2256;127;1655;1222;10;380;715
2257;127;1656;1228;10;381;897
2258;127;1659;1372;10;396;900
2259;127;1660;1372;10;398;900
2260;127;1660;1222;10;398;715
2261;127;1661;1372;10;400;900
2262;127;1661;1222;10;400;715
2263;127;1662;1372;10;402;900
2264;127;1663;1372;10;404;900
2265;127;1664;1372;10;406;900
2266;127;1665;1372;10;408;900
2267;127;1665;1562;10;408;10
2268;127;1666;1372;10;409;900
2269;127;1667;1372;10;410;900
2270;127;1667;1562;10;410;10
2271;127;1668;1562;10;411;10
2272;127;1668;1372;10;411;900
2273;127;1669;1562;10;412;10
2274;127;1669;1372;10;412;900
2275;127;1670;1372;10;413;900
2276;127;1670;1562;10;413;10
2277;127;1671;1372;10;414;900
2278;127;1671;1562;10;414;10
2279;127;1672;1372;10;415;900
2280;127;1672;1562;10;415;10
2281;127;1673;1562;10;420;10
2282;127;1673;1563;10;420;10
2283;127;1673;1372;10;420;900
2284;127;1674;1372;10;421;900
2285;127;1674;1562;10;421;10
2286;127;1674;1563;10;421;10
2287;127;1675;1562;10;423;10
2288;127;1675;1372;10;423;900
2289;127;1676;1372;10;425;900
2290;127;1676;1562;10;425;10
2291;127;1677;1562;10;427;10
2292;127;1677;1372;10;427;900
2293;127;1677;1222;10;427;715
2294;127;1677;1222;10;427;715
2295;127;1678;1372;10;428;900
2296;127;1678;1562;10;428;10
2297;127;1679;1562;10;429;10
2298;127;1679;1562;10;429;10
2299;127;1679;1372;10;429;900
2300;127;1680;1372;10;430;900
2301;127;1680;1562;10;430;10
2302;127;1681;1372;10;432;900
2303;127;1681;1562;10;432;10
2304;127;1682;1372;10;433;900
2305;127;1682;1562;10;433;10
2306;127;1683;1562;10;434;10
2307;127;1683;1372;10;434;900
2308;127;1684;1372;10;435;900
2309;127;1684;1562;10;435;10
2310;127;1685;1562;10;436;10
2311;127;1685;1372;10;436;900
2312;127;1686;1372;10;437;900
2313;127;1686;1222;10;437;715
2314;127;1686;1222;10;437;715
2315;127;1686;1222;10;437;715
2316;127;1686;1562;10;437;10
2317;127;1687;1222;10;438;715
2318;127;1687;1222;10;438;715
2319;127;1687;1222;10;438;715
2320;127;1687;1372;10;438;900
2321;127;1687;1562;10;438;10
2322;127;1688;1372;10;439;900
2323;127;1688;1562;10;439;10
2324;127;1689;1372;10;441;900
2325;127;1689;1562;10;441;10
2326;127;1690;1372;10;442;900
2327;127;1690;1562;10;442;10
2328;127;1690;1243;10;442;902
2329;127;1691;1372;10;443;900
2330;127;1691;1562;10;443;10
2331;127;1692;1372;10;444;900
2332;127;1692;1243;10;444;902
2333;127;1692;1562;10;444;10
2334;127;1693;1562;10;445;10
2335;127;1693;1372;10;445;900
2336;127;1694;1222;10;446;715
2337;127;1694;1222;10;446;715
2338;127;1694;1222;10;446;715
2339;127;1694;1562;10;446;10
2340;127;1694;1372;10;446;900
2341;127;1695;1372;10;447;900
2342;127;1695;1222;10;447;715
2343;127;1695;1222;10;447;715
2344;127;1695;1222;10;447;715
2345;127;1695;1562;10;447;10
2346;127;1696;1562;10;448;10
2347;127;1696;1372;10;448;900
2348;127;1697;1562;10;449;10
2349;127;1697;1372;10;449;900
2350;127;1698;1372;10;450;900
2351;127;1699;1372;10;451;900
2352;127;1700;1372;10;452;900
2353;127;1701;1372;10;453;900
2354;127;1702;1372;10;455;900
2355;127;1703;1562;10;457;10
2356;127;1703;1222;10;457;715
2357;127;1703;1372;10;457;900
2358;127;1704;1372;10;458;900
2359;127;1705;1372;10;459;900
2360;127;1706;1372;10;461;900
2361;127;1706;1562;10;461;10
2362;127;1707;1562;10;462;10
2363;127;1707;1372;10;462;900
2364;127;1708;1372;10;463;900
2365;127;1709;1372;10;464;900
2366;127;1710;1372;10;465;900
2367;127;1711;1372;10;466;900
2368;127;1712;1372;10;467;900
2369;127;1713;1372;10;469;900
2370;127;1714;1372;10;471;900
2371;127;1715;1372;10;473;900
2372;127;1716;1372;10;475;900
2373;127;1716;1222;10;475;715
2374;127;1716;1222;10;475;715
2375;127;1717;1372;10;477;900
2376;127;1717;1222;10;477;715
2377;127;1717;1222;10;477;715
2378;127;1718;1372;10;479;900
2379;127;1719;1372;10;481;900
2380;127;1720;1372;10;483;900
2381;127;1721;1562;10;484;10
2382;127;1721;1372;10;484;900
2383;127;1722;1372;10;485;900
2384;127;1723;1372;10;486;900
2385;127;1723;1562;10;486;10
2386;127;1724;1228;10;487;897
2387;127;1724;1372;10;487;900
2388;127;1725;1372;10;489;900
2389;127;1725;1222;10;489;715
2390;127;1725;1228;10;489;897
2391;127;1726;1372;10;491;900
2392;127;1726;1222;10;491;715
2393;127;1726;1228;10;491;897
2394;127;1727;1372;10;493;900
2395;127;1727;1228;10;493;897
2396;127;1728;1228;10;495;897
2397;127;1728;1372;10;495;900
2398;127;1729;1228;10;497;897
2399;127;1729;1372;10;497;900
2400;127;1730;1372;10;499;900
2401;127;1730;1562;10;499;10
2402;127;1730;1228;10;499;897
2403;127;1731;1562;10;501;10
2404;127;1731;1228;10;501;897
2405;127;1731;1372;10;501;900
2406;127;1732;1372;10;503;900
2407;127;1732;1228;10;503;897
2408;127;1732;1562;10;503;10
2409;127;1733;1372;10;505;900
2410;127;1733;1562;10;505;10
2411;127;1733;1228;10;505;897
2412;127;1734;1372;10;507;900
2413;127;1734;1228;10;507;897
2414;127;1735;1228;10;509;897
2415;127;1735;1372;10;509;900
2416;127;1736;1228;10;511;897
2417;127;1736;1372;10;511;900
2418;127;1737;1372;10;513;900
2419;127;1737;1228;10;513;897
2420;127;1738;1372;10;515;900
2421;127;1738;1228;10;515;897
2422;127;1739;1228;10;517;897
2423;127;1739;1372;10;517;900
2424;127;1740;1222;10;519;715
2425;127;1740;1222;10;519;715
2426;127;1740;1372;10;519;900
2427;127;1740;1228;10;519;897
2428;127;1741;1222;10;521;715
2429;127;1741;1372;10;521;900
2430;127;1741;1228;10;521;897
2431;127;1741;1222;10;521;715
2432;127;1742;1228;10;523;897
2433;127;1742;1372;10;523;900
2434;127;1743;1372;10;525;900
2435;127;1743;1228;10;525;897
2436;127;1744;1562;10;530;10
2437;127;1745;1222;10;531;715
2438;127;1745;1562;10;531;10
2439;127;1745;1491;10;531;999
2440;127;1746;1491;10;532;999
2441;127;1746;1222;10;532;715
2442;127;1746;1562;10;532;10
2443;127;1747;1562;10;535;10
2444;127;1748;1562;10;536;10
2445;127;1749;1562;10;537;10
2446;127;1750;1562;10;538;10
2447;127;1751;1562;10;539;10
2448;127;1752;1562;10;540;10
2449;127;1753;1562;10;541;10
2450;127;1754;1562;10;542;10
2451;127;1754;1222;10;542;715
2452;127;1754;1222;10;542;715
2453;127;1754;1222;10;542;715
2454;127;1755;1222;10;543;715
2455;127;1755;1222;10;543;715
2456;127;1755;1222;10;543;715
2457;127;1755;1562;10;543;10
2458;127;1756;1372;10;577;900
2459;127;1756;1562;10;577;10
2460;127;1757;1562;10;578;10
2461;127;1757;1372;10;578;900
2462;127;1758;1222;10;588;715
2463;127;1758;1222;10;590;715
2464;127;1758;1562;10;586;10
2465;127;1758;1251;10;591;902
2466;127;1758;1251;10;591;902
2467;127;1759;1372;10;593;900
2468;127;1759;1251;10;598;902
2469;127;1759;1222;10;595;715
2470;127;1759;1251;10;598;902
2471;127;1759;1562;10;593;10
2472;127;1759;1222;10;597;715
2473;127;1760;1372;10;667;900
2474;127;1760;1562;10;667;10
2475;150005002;1761;1372;10;669;900
2476;153005047;1761;1339;10;674;900
2477;153005047;1761;1338;10;671;900
2478;154005047;1761;1338;10;674;900
2479;153005047;1761;1341;10;672;900
2480;154005047;1761;1339;10;671;900
2481;127;1761;1593;10;678;10
2482;151005005;1761;2566;10;678;3
2483;153005047;1761;1338;10;674;900
2484;127;1761;1756;10;671;10
2485;151005005;1761;2565;10;671;3
2486;153005047;1761;1339;10;671;900
2487;154005047;1761;1338;10;671;900
2488;154005047;1761;1339;10;674;900
2489;127;1761;1756;10;674;10
2490;151005005;1761;2565;10;674;3
2491;150005002;1761;1562;10;669;10
2492;154005047;1762;1338;10;693;900
2493;153005047;1762;1340;10;692;900
2494;153005047;1762;1340;10;692;900
2495;150005002;1762;1372;10;687;900
2496;153005047;1762;1341;10;689;900
2497;153005047;1762;1344;10;692;900
2498;154005047;1762;1340;10;692;900
2499;151005005;1762;1762;10;690;10
2500;127;1762;1757;10;695;10
2501;151005005;1762;2525;10;695;3
2502;150005002;1762;1562;10;687;10
2503;153005047;1762;1338;10;693;900
2504;127;1763;1606;5;11;10
2505;151005005;1763;2548;5;11;3
2506;127;1764;1611;5;17;10
2507;151005005;1764;2539;5;17;3
2508;127;1765;1606;5;23;10
2509;151005005;1765;2548;5;23;3
2510;151005005;1770;1768;23;21;23
2511;151005005;1770;1769;23;22;23
2512;127;1781;1222;1776;46;715
2513;127;1782;1222;1776;47;715
2514;127;1783;1222;1776;48;715
2515;127;1784;1222;1776;51;715
2516;127;1794;1222;1776;68;715
2517;127;1795;1780;1776;71;1774
2518;127;1796;1222;1776;72;715
2519;127;1796;1780;1776;72;1774
2520;127;1797;1222;28;29;715
2521;127;1798;1222;28;30;715
2522;127;1799;1222;28;31;715
2523;127;1800;1222;28;32;715
2524;127;1801;1222;28;33;715
2525;127;1807;1222;28;39;715
2526;127;1809;1222;28;41;715
2527;127;1810;1222;28;42;715
2528;127;1811;1222;28;43;715
2529;127;1812;1222;28;44;715
2530;127;1815;1222;28;47;715
2531;127;1818;1222;28;52;715
2532;127;1818;1222;28;52;715
2533;127;1819;1780;28;55;1774
2534;127;1820;1780;28;56;1774
2535;127;1821;1780;28;57;1774
2536;127;1821;1222;28;57;715
2537;127;1821;1222;28;57;715
2538;127;1823;1222;28;63;715
2539;127;1824;1222;28;64;715
2540;127;1825;1222;28;67;715
2541;127;1827;1222;28;77;715
2542;127;1829;1372;28;86;900
2543;127;1830;1222;28;88;715
2544;127;1831;1222;28;90;715
2545;127;1831;1372;28;90;900
2546;127;1832;1222;28;100;715
2547;127;1833;1372;28;112;900
2548;127;1834;1222;28;115;715
2549;127;1834;1222;28;115;715
2550;127;1835;1222;28;116;715
2551;127;1835;1222;28;116;715
2552;127;1836;1222;28;119;715
2553;127;1836;1222;28;119;715
2554;127;1838;1222;28;125;715
2555;127;1843;1806;27;13;28
2556;151005005;1843;2556;27;13;3
2557;127;1843;1812;27;12;28
2558;151005005;1843;2553;27;12;3
2559;127;1844;1812;27;20;28
2560;151005005;1844;2553;27;20;3
2561;127;1844;1806;27;23;28
2562;151005005;1844;2556;27;23;3
2563;127;1851;1848;36;10;37
2564;151005005;1851;2441;36;10;52
2565;151005005;1854;1855;43;9;3
2566;127;1861;1849;45;12;37
2567;151005005;1861;2442;45;12;52
2568;127;1861;1859;45;13;46
2569;151005005;1861;2452;45;13;62
2570;127;2205;1222;2155;51;715
2571;127;2205;1222;2155;51;715
2572;127;2206;1222;2155;53;715
2573;127;2221;1207;53;72;702
2574;127;2222;1207;53;73;702
2575;127;2222;1207;53;73;702
2576;127;2223;1222;53;74;715
2577;127;2228;1372;53;82;900
2578;127;2230;1372;53;84;900
2579;127;2231;1222;53;87;715
2580;127;2231;2217;53;89;53
2581;127;2231;1222;53;88;715
2582;127;2231;1222;53;85;715
2583;127;2231;1222;53;85;715
2584;127;2231;2217;53;85;53
2585;127;2232;1222;53;90;715
2586;127;2232;1222;53;90;715
2587;127;2233;2208;53;92;53
2588;167;2233;2208;53;92;53
2589;127;2237;1372;53;96;900
2590;127;2239;1372;53;101;900
2591;167;2243;2211;53;107;53
2592;127;2243;2211;53;107;53
2593;127;2244;1222;53;108;715
2594;127;2245;1222;53;109;715
2595;127;2246;1222;53;110;715
2596;127;2246;1222;53;110;715
2597;127;2246;1255;53;110;902
2598;127;2246;1372;53;110;900
2599;127;2247;1222;53;111;715
2600;127;2248;1372;53;112;900
2601;127;2248;1255;53;112;902
2602;127;2248;1222;53;112;715
2603;127;2248;1222;53;112;715
2604;127;2250;1372;53;114;900
2605;127;2250;1255;53;114;902
2606;127;2251;1222;53;115;715
2607;127;2251;1222;53;115;715
2608;127;2252;1222;53;116;715
2609;127;2252;1222;53;116;715
2610;127;2252;1222;53;116;715
2611;127;2252;1255;53;116;902
2612;127;2252;1372;53;116;900
2613;127;2253;1222;53;117;715
2614;127;2253;1222;53;117;715
2615;127;2254;1222;53;118;715
2616;127;2254;1222;53;118;715
2617;127;2254;1372;53;118;900
2618;127;2254;1255;53;118;902
2619;127;2254;1222;53;118;715
2620;127;2259;1372;53;137;900
2621;127;2260;1372;53;138;900
2622;127;2261;1372;53;139;900
2623;127;2262;1372;53;140;900
2624;127;2263;1372;53;141;900
2625;127;2264;1372;53;142;900
2626;127;2265;1222;53;143;715
2627;127;2265;2217;53;143;53
2628;127;2265;1222;53;143;715
2629;127;2267;1222;53;145;715
2630;127;2268;1222;53;147;715
2631;127;2268;1222;53;147;715
2632;127;2269;1222;53;148;715
2633;127;2274;1372;53;161;900
2634;127;2277;1372;53;172;900
2635;127;2279;1372;53;174;900
2636;127;2283;1372;53;196;900
2637;127;2287;1372;53;207;900
2638;127;2288;1372;53;208;900
2639;127;2288;1222;53;208;715
2640;127;2290;1372;53;212;900
2641;127;2297;1372;53;236;900
2642;127;2299;1372;53;238;900
2643;127;2301;1372;53;240;900
2644;127;2303;1372;53;242;900
2645;127;2305;1372;53;244;900
2646;127;2307;1372;53;246;900
2647;127;2309;1372;53;248;900
2648;127;2311;1372;53;252;900
2649;127;2313;1372;53;254;900
2650;127;2314;1222;53;257;715
2651;127;2319;1372;53;265;900
2652;167;2321;2214;53;268;53
2653;127;2321;2214;53;268;53
2654;127;2323;1372;53;271;900
2655;127;2325;1372;53;275;900
2656;127;2326;1222;53;288;715
2657;127;2326;1222;53;288;715
2658;127;2327;1372;53;292;900
2659;127;2328;1372;53;300;900
2660;127;2330;1222;53;312;715
2661;127;2330;1222;53;312;715
2662;127;2331;1372;53;322;900
2663;127;2333;1222;53;332;715
2664;127;2333;1222;53;332;715
2665;127;2337;2220;2192;52;53
2666;150063005;2337;2522;2192;52;3
2667;151005005;2339;2340;2192;61;3
2668;150063002;2347;2208;1865;127;53
2669;150063002;2348;2211;1865;128;53
2670;127;2349;2219;1865;130;53
2671;150063005;2349;2540;1865;130;3
2672;127;2350;2224;1865;134;53
2673;150063005;2350;2554;1865;134;3
2674;127;2351;2334;1865;137;53
2675;150063005;2351;2560;1865;137;3
2676;127;2352;2225;1865;140;53
2677;150063005;2352;2535;1865;140;3
2678;127;2353;2227;1865;141;53
2679;150063005;2353;2569;1865;141;3
2680;127;2354;2229;1865;142;53
2681;150063005;2354;2537;1865;142;3
2682;127;2355;2231;1865;143;53
2683;150063005;2355;2563;1865;143;3
2684;127;2356;2232;1865;144;53
2685;150063005;2356;2532;1865;144;3
2686;127;2357;2233;1865;145;53
2687;150063005;2357;2521;1865;145;3
2688;127;2358;2234;1865;146;53
2689;150063005;2358;2530;1865;146;3
2690;127;2359;2235;1865;147;53
2691;150063005;2359;2567;1865;147;3
2692;127;2360;2236;1865;148;53
2693;150063005;2360;2568;1865;148;3
2694;127;2361;2242;1865;149;53
2695;150063005;2361;2531;1865;149;3
2696;127;2362;2243;1865;150;53
2697;150063005;2362;2545;1865;150;3
2698;127;2363;2244;1865;151;53
2699;150063005;2363;2564;1865;151;3
2700;127;2364;2245;1865;153;53
2701;150063005;2364;2523;1865;153;3
2702;127;2365;2251;1865;154;53
2703;150063005;2365;2551;1865;154;3
2704;127;2366;2247;1865;155;53
2705;150063005;2366;2524;1865;155;3
2706;127;2367;2265;1865;157;53
2707;150063005;2367;2557;1865;157;3
2708;127;2368;2335;1865;160;53
2709;150063005;2368;2533;1865;160;3
2710;127;2369;2266;1865;163;53
2711;150063005;2369;2538;1865;163;3
2712;127;2370;2267;1865;164;53
2713;150063005;2370;2541;1865;164;3
2714;127;2371;2272;1865;165;53
2715;150063005;2371;2546;1865;165;3
2716;127;2372;2273;1865;166;53
2717;150063005;2372;2559;1865;166;3
2718;127;2373;2276;1865;167;53
2719;150063005;2373;2536;1865;167;3
2720;127;2374;2278;1865;168;53
2721;150063005;2374;2549;1865;168;3
2722;127;2375;2280;1865;169;53
2723;150063005;2375;2542;1865;169;3
2724;127;2376;2253;1865;171;53
2725;150063005;2376;2544;1865;171;3
2726;127;2377;2249;1865;172;53
2727;150063005;2377;2534;1865;172;3
2728;127;2378;2243;1865;177;53
2729;151005005;2378;2545;1865;177;3
2730;150005063;2378;2362;1865;177;1865
2731;150005002;2378;2211;1865;176;53
2732;150063002;2380;2214;1865;200;53
2733;127;2381;2285;1865;206;53
2734;150063005;2381;2528;1865;206;3
2735;127;2382;2320;1865;210;53
2736;150063005;2382;2547;1865;210;3
2737;150005002;2383;2214;1865;212;53
2738;154005047;2383;2215;1865;214;53
2739;154005047;2383;2216;1865;214;53
2740;169;2383;2214;1865;214;53
2741;127;2384;2321;1865;216;53
2742;150063005;2384;2529;1865;216;3
2743;127;2385;2318;1865;227;53
2744;150063005;2385;2552;1865;227;3
2745;127;2386;2322;1865;228;53
2746;150063005;2386;2555;1865;228;3
2747;127;2387;2324;1865;229;53
2748;150063005;2387;2527;1865;229;3
2749;127;2388;2275;1865;231;53
2750;150063005;2388;2550;1865;231;3
2751;127;2389;2332;1865;232;53
2752;150063005;2389;2526;1865;232;3
2753;150063002;2391;2214;1865;240;53
2754;150063061;2391;2379;1865;240;1865
2755;150063063;2392;2381;1865;242;1865
2756;127;2392;2285;1865;242;53
2757;150063005;2392;2528;1865;242;3
2758;150063061;2392;2379;1865;242;1865
2759;127;2393;2320;1865;244;53
2760;150063005;2393;2547;1865;244;3
2761;150063063;2393;2382;1865;244;1865
2762;150063061;2393;2379;1865;244;1865
2763;150063005;2394;2383;1865;245;1865
2764;150063061;2394;2379;1865;245;1865
2765;150063061;2395;2379;1865;246;1865
2766;127;2395;2321;1865;246;53
2767;150063005;2395;2529;1865;246;3
2768;150063063;2395;2384;1865;246;1865
2769;150063063;2396;2385;1865;248;1865
2770;150063061;2396;2379;1865;248;1865
2771;127;2396;2318;1865;248;53
2772;150063005;2396;2552;1865;248;3
2773;150063061;2397;2379;1865;249;1865
2774;150063063;2397;2388;1865;249;1865
2775;127;2397;2275;1865;249;53
2776;150063005;2397;2550;1865;249;3
2777;127;2398;2322;1865;250;53
2778;150063005;2398;2555;1865;250;3
2779;150063061;2398;2379;1865;250;1865
2780;150063063;2398;2386;1865;250;1865
2781;127;2399;2324;1865;251;53
2782;150063005;2399;2527;1865;251;3
2783;150063063;2399;2387;1865;251;1865
2784;150063061;2399;2379;1865;251;1865
2785;127;2400;2332;1865;252;53
2786;150063005;2400;2526;1865;252;3
2787;150063063;2400;2389;1865;252;1865
2788;150063061;2400;2379;1865;252;1865
2789;150063063;2401;2349;1862;38;1865
2790;150063061;2401;2196;1862;38;1866
2791;127;2401;2219;1862;38;53
2792;150063005;2401;2540;1862;38;3
2793;150063061;2402;2196;1862;39;1866
2794;127;2402;2224;1862;39;53
2795;150063005;2402;2554;1862;39;3
2796;150063063;2402;2350;1862;39;1865
2797;150063063;2403;2358;1862;40;1865
2798;127;2403;2234;1862;40;53
2799;150063005;2403;2530;1862;40;3
2800;150063061;2403;2196;1862;40;1866
2801;150063061;2404;2196;1862;43;1866
2802;127;2404;2334;1862;43;53
2803;150063005;2404;2560;1862;43;3
2804;150063063;2404;2351;1862;43;1865
2805;150063063;2405;2368;1862;46;1865
2806;127;2405;2335;1862;46;53
2807;150063005;2405;2533;1862;46;3
2808;150063061;2405;2196;1862;46;1866
2809;150063061;2406;2196;1862;51;1866
2810;150063002;2406;2208;1862;51;53
2811;150063061;2407;2196;1862;52;1866
2812;150063002;2407;2211;1862;52;53
2813;150063005;2408;2342;1862;54;2192
2814;150063063;2408;2337;1862;54;2192
2815;150063005;2408;2345;1862;54;2192
2816;150063061;2408;2196;1862;54;1866
2817;150063005;2408;2338;1862;54;2192
2818;150063005;2408;2344;1862;54;2192
2819;127;2408;2220;1862;54;53
2820;150063005;2408;2522;1862;54;3
2821;150063005;2408;2341;1862;54;2192
2822;127;2409;2225;1862;55;53
2823;150063005;2409;2535;1862;55;3
2824;150063063;2409;2352;1862;55;1865
2825;150063061;2409;2196;1862;55;1866
2826;150063061;2410;2196;1862;56;1866
2827;127;2410;2227;1862;56;53
2828;150063005;2410;2569;1862;56;3
2829;150063063;2410;2353;1862;56;1865
2830;127;2411;2229;1862;57;53
2831;150063005;2411;2537;1862;57;3
2832;150063061;2411;2196;1862;57;1866
2833;150063063;2411;2354;1862;57;1865
2834;150063061;2412;2196;1862;58;1866
2835;127;2412;2231;1862;58;53
2836;150063005;2412;2563;1862;58;3
2837;150063063;2412;2355;1862;58;1865
2838;150063061;2413;2196;1862;59;1866
2839;150063063;2413;2356;1862;59;1865
2840;127;2413;2232;1862;59;53
2841;150063005;2413;2532;1862;59;3
2842;150063063;2414;2357;1862;60;1865
2843;150063063;2414;2394;1862;60;1865
2844;150063005;2414;2383;1862;60;1865
2845;150063061;2414;2196;1862;60;1866
2846;127;2414;2233;1862;60;53
2847;150063005;2414;2521;1862;60;3
2848;150063005;2414;2378;1862;60;1865
2849;127;2415;2235;1862;61;53
2850;150063005;2415;2567;1862;61;3
2851;150063063;2415;2359;1862;61;1865
2852;150063061;2415;2196;1862;61;1866
2853;150063061;2416;2196;1862;62;1866
2854;150063063;2416;2360;1862;62;1865
2855;127;2416;2236;1862;62;53
2856;150063005;2416;2568;1862;62;3
2857;150063061;2417;2196;1862;63;1866
2858;127;2417;2242;1862;63;53
2859;150063005;2417;2531;1862;63;3
2860;150063063;2417;2361;1862;63;1865
2861;127;2418;2243;1862;64;53
2862;150063005;2418;2545;1862;64;3
2863;150063063;2418;2362;1862;64;1865
2864;150063061;2418;2196;1862;64;1866
2865;150063063;2419;2363;1862;65;1865
2866;150063061;2419;2196;1862;65;1866
2867;127;2419;2244;1862;65;53
2868;150063005;2419;2564;1862;65;3
2869;150063063;2420;2364;1862;67;1865
2870;150063061;2420;2196;1862;67;1866
2871;127;2420;2245;1862;67;53
2872;150063005;2420;2523;1862;67;3
2873;127;2421;2251;1862;68;53
2874;150063005;2421;2551;1862;68;3
2875;150063061;2421;2196;1862;68;1866
2876;150063063;2421;2365;1862;68;1865
2877;127;2422;2247;1862;69;53
2878;150063005;2422;2524;1862;69;3
2879;150063061;2422;2196;1862;69;1866
2880;150063063;2422;2366;1862;69;1865
2881;150063061;2423;2196;1862;71;1866
2882;150063063;2423;2367;1862;71;1865
2883;127;2423;2265;1862;71;53
2884;150063005;2423;2557;1862;71;3
2885;150063061;2424;2196;1862;72;1866
2886;127;2424;2266;1862;72;53
2887;150063005;2424;2538;1862;72;3
2888;150063063;2424;2369;1862;72;1865
2889;150063061;2425;2196;1862;73;1866
2890;150063063;2425;2370;1862;73;1865
2891;127;2425;2267;1862;73;53
2892;150063005;2425;2541;1862;73;3
2893;127;2426;2272;1862;74;53
2894;150063005;2426;2546;1862;74;3
2895;150063063;2426;2371;1862;74;1865
2896;150063061;2426;2196;1862;74;1866
2897;150063061;2427;2196;1862;75;1866
2898;150063063;2427;2372;1862;75;1865
2899;127;2427;2273;1862;75;53
2900;150063005;2427;2559;1862;75;3
2901;150063063;2428;2373;1862;76;1865
2902;150063061;2428;2196;1862;76;1866
2903;127;2428;2276;1862;76;53
2904;150063005;2428;2536;1862;76;3
2905;127;2429;2278;1862;77;53
2906;150063005;2429;2549;1862;77;3
2907;150063061;2429;2196;1862;77;1866
2908;150063063;2429;2374;1862;77;1865
2909;127;2430;2280;1862;78;53
2910;150063005;2430;2542;1862;78;3
2911;150063061;2430;2196;1862;78;1866
2912;150063063;2430;2375;1862;78;1865
2913;150063063;2431;2376;1862;80;1865
2914;127;2431;2253;1862;80;53
2915;150063005;2431;2544;1862;80;3
2916;150063061;2431;2196;1862;80;1866
2917;150063063;2432;2377;1862;81;1865
2918;150063061;2432;2196;1862;81;1866
2919;127;2432;2249;1862;81;53
2920;150063005;2432;2534;1862;81;3
2921;150002002;2433;2434;50;28;50
2922;150002002;2436;2437;50;31;50
2923;169;2438;2434;50;30;50
2924;150047002;2438;2433;50;30;50
2925;127;2439;2244;50;34;53
2926;151005005;2439;2564;50;34;3
2927;150005002;2439;2436;50;34;50
2928;153005047;2439;2438;50;37;50
2929;153005047;2439;2435;50;37;50
2930;127;2439;2235;50;37;53
2931;151005005;2439;2567;50;37;3
2932;154005047;2439;2435;50;36;50
2933;169;2439;2437;50;34;50
2934;153005047;2439;2438;50;36;50
2935;127;2440;1857;52;10;46
2936;151005005;2440;2450;52;10;62
2937;127;2440;1858;52;13;46
2938;151005005;2440;2451;52;13;62
2939;127;2440;1856;52;7;46
2940;151005005;2440;2449;52;7;62
2941;127;2442;1859;52;28;46
2942;151005005;2442;2452;52;28;62
2943;127;2443;2244;52;32;53
2944;151005005;2443;2564;52;32;3
2945;150005003;2450;2447;62;12;62
2946;150005003;2451;2447;62;17;62
2947;150005003;2451;2448;62;20;62
2948;151005005;2452;1855;62;27;3
2949;153005003;2453;2447;62;31;62
2950;150005003;2453;2447;62;32;62
2951;127;2483;2455;69;7;70
2952;151005005;2483;1764;69;7;5
2953;127;2483;2479;69;67;70
2954;151005005;2483;2500;69;67;129
2955;127;2483;2482;69;77;70
2956;151005005;2483;2520;69;77;144
2957;127;2483;2456;69;10;70
2958;151005005;2483;1766;69;10;20
2959;127;2483;2463;69;25;70
2960;151005005;2483;1851;69;25;36
2961;127;2483;2468;69;41;70
2962;151005005;2483;2485;69;41;101
2963;127;2483;2481;69;76;70
2964;151005005;2483;2519;69;76;144
2965;127;2483;2466;69;32;70
2966;151005005;2483;1854;69;32;43
2967;127;2483;2458;69;14;70
2968;151005005;2483;1770;69;14;23
2969;127;2483;2480;69;70;70
2970;151005005;2483;2506;69;70;132
2971;127;2483;2473;69;52;70
2972;151005005;2483;2492;69;52;113
2973;127;2483;2476;69;60;70
2974;151005005;2483;2495;69;60;118
2975;127;2483;2454;69;6;70
2976;151005005;2483;1763;69;6;5
2977;127;2483;2459;69;17;70
2978;151005005;2483;1843;69;17;27
2979;127;2483;2467;69;35;70
2980;151005005;2483;1861;69;35;45
2981;127;2483;2470;69;45;70
2982;151005005;2483;2488;69;45;106
2983;127;2483;2464;69;28;70
2984;151005005;2483;1852;69;28;40
2985;127;2483;2460;69;18;70
2986;151005005;2483;1844;69;18;27
2987;127;2483;2462;69;22;70
2988;151005005;2483;1846;69;22;33
2989;127;2483;2457;69;11;70
2990;151005005;2483;1767;69;11;20
2991;127;2483;2461;69;21;70
2992;151005005;2483;1845;69;21;33
2993;127;2483;2474;69;56;70
2994;151005005;2483;2493;69;56;115
2995;127;2483;2472;69;49;70
2996;151005005;2483;2491;69;49;110
2997;127;2483;2475;69;59;70
2998;151005005;2483;2494;69;59;118
2999;127;2483;2465;69;29;70
3000;151005005;2483;1853;69;29;40
3001;127;2483;2469;69;44;70
3002;151005005;2483;2487;69;44;106
3003;127;2483;2471;69;48;70
3004;151005005;2483;2490;69;48;110
3005;127;2483;2477;69;63;70
3006;151005005;2483;2498;69;63;125
3007;127;2483;2474;69;55;70
3008;151005005;2483;2493;69;55;115
3009;127;2483;2478;69;66;70
3010;151005005;2483;2499;69;66;129
3011;127;2484;2235;101;10;53
3012;151005005;2484;2567;101;10;3
3013;127;2485;1850;101;15;37
3014;151005005;2485;2443;101;15;52
3015;151005005;2485;2484;101;17;101
3016;127;2487;1860;106;11;46
3017;151005005;2487;2453;106;11;62
3018;127;2488;1860;106;16;46
3019;151005005;2488;2453;106;16;62
3020;153005003;2490;2489;110;10;110
3021;150005003;2490;2489;110;11;110
3022;150005003;2491;2489;110;25;110
3023;153005003;2491;2489;110;24;110
3024;127;2492;2446;113;10;2444
3025;153005003;2492;2448;113;10;62
3026;127;2492;2445;113;11;2444
3027;150005003;2492;2447;113;11;62
3028;127;2493;1847;115;9;37
3029;151005005;2493;2440;115;9;52
3030;127;2494;1577;118;13;10
3031;151005005;2494;2558;118;13;3
3032;127;2494;1802;118;12;28
3033;151005005;2494;2543;118;12;3
3034;127;2495;1802;118;19;28
3035;151005005;2495;2543;118;19;3
3036;127;2495;1577;118;20;10
3037;151005005;2495;2558;118;20;3
3038;127;2496;1577;125;12;10
3039;151005005;2496;2558;125;12;3
3040;127;2496;1802;125;11;28
3041;151005005;2496;2543;125;11;3
3042;127;2497;1802;125;17;28
3043;151005005;2497;2543;125;17;3
3044;127;2497;1577;125;18;10
3045;151005005;2497;2558;125;18;3
3046;151005005;2498;2497;125;27;125
3047;151005005;2498;2496;125;23;125
3048;150047002;2504;2501;132;13;132
3049;150005002;2505;2501;132;16;132
3050;153005047;2505;2502;132;17;132
3051;127;2506;2235;132;24;53
3052;151005005;2506;2567;132;24;3
3053;169;2506;2503;132;21;132
3054;127;2506;2244;132;21;53
3055;151005005;2506;2564;132;21;3
3056;151005005;2506;2505;132;23;132
3057;150005002;2506;2503;132;21;132
3058;153005047;2506;2504;132;23;132
3059;154048047;2510;2509;135;11;135
3060;169;2515;2511;139;13;139
3061;150005002;2515;2511;139;13;139
3062;169;2516;2511;139;24;139
3063;154005003;2516;2514;139;26;139
3064;154005047;2516;2513;139;25;139
3065;153005047;2516;2512;139;26;139
3066;151005005;2519;2518;144;18;144
3067;151005005;2519;2517;144;17;144
3068;151005005;2520;2518;144;25;144
