1;1;51;@__SUPERBLOCK__@;0;0;1
2;2;51;System Model;1;0;1
3;3;1;@__UNDEFINED__@;1;3;1
4;4;51;@__SYSTEM__@;1;0;1
6;6;53;D:;2;0;0
7;7;53;projects;6;0;0
8;8;53;ccp;7;0;0
9;9;53;cxx_testsuite;8;0;0
11;11;53;C:;2;0;0
12;12;53;cygwin64;11;0;0
13;13;53;usr;12;0;0
14;14;53;include;13;0;0
150;150;53;sys;14;0;0
152;152;53;cygwin;14;0;0
154;154;53;machine;14;0;0
156;156;53;lib;12;0;0
157;157;53;gcc;156;0;0
158;158;53;x86_64-pc-cygwin;157;0;0
159;159;53;7.4.0;158;0;0
160;160;53;include;159;0;0
178;178;53;bits;14;0;0
836;836;53;c++;160;0;0
837;837;53;x86_64-pc-cygwin;836;0;0
838;838;53;bits;837;0;0
842;842;53;bits;836;0;0
163;163;1;_types.h;154;163;1
50;50;1;freeing_unallocated_memory_001.cpp;9;50;1
69;69;1;main.cpp;9;69;1
113;113;1;null_pointer_dereference_003.cpp;9;113;1
151;151;1;config.h;152;151;1
164;164;1;_types.h#1;150;164;1
20;20;1;buffer_overflow_002.cpp;9;20;1
162;162;1;reent.h;150;162;1
10;10;1;stdio.h;14;10;1
175;175;1;_pthreadtypes.h;150;175;1
53;53;1;stdlib.h;14;53;1
751;751;1;strings.h;14;751;1
110;110;1;null_pointer_dereference_002.cpp;9;110;1
176;176;1;types.h;154;176;1
40;40;1;division_by_zero_002.cpp;9;40;1
62;62;1;functions_002.cpp;9;62;1
52;52;1;functions_001.cpp;9;52;1
179;179;1;sysmacros.h;150;179;1
841;841;1;std_abs.h;842;841;1
172;172;1;timespec.h;150;172;1
165;165;1;lock.h;150;165;1
43;43;1;freeing_non_heap_memory_001.cpp;9;43;1
45;45;1;freeing_non_heap_memory_002.cpp;9;45;1
750;750;1;_locale.h;150;750;1
149;149;1;features.h;150;149;1
132;132;1;uninitialized_heap_001.cpp;9;132;1
167;167;1;_stdint.h;150;167;1
106;106;1;null_pointer_dereference_001.cpp;9;106;1
144;144;1;value_unused_001.cpp;9;144;1
5;5;1;buffer_overflow_001.cpp;9;5;1
153;153;1;_default_types.h;154;153;1
27;27;1;buffer_overflow_004.cpp;9;27;1
36;36;1;division_by_zero_001.cpp;9;36;1
129;129;1;uninitialized_array_003.cpp;9;129;1
161;161;1;stdarg.h;160;161;1
169;169;1;_sigset.h;150;169;1
843;843;1;cstdlib;836;843;1
840;840;1;stdlib.h#1;152;840;1
33;33;1;buffer_overflow_005.cpp;9;33;1
174;174;1;cpuset.h;150;174;1
166;166;1;types.h#1;150;166;1
173;173;1;select.h;150;173;1
46;46;1;functions_002.h;9;46;1
170;170;1;_timeval.h;150;170;1
844;844;1;stdlib.h#2;836;844;1
135;135;1;uninitialized_variable_001.cpp;9;135;1
23;23;1;buffer_overflow_003.cpp;9;23;1
177;177;1;byteswap.h;178;177;1
37;37;1;functions_001.h;9;37;1
125;125;1;uninitialized_array_002.cpp;9;125;1
139;139;1;uninitialized_variable_002.cpp;9;139;1
70;70;1;main.h;9;70;1
1093;1093;1;globals.h;9;1093;1
118;118;1;uninitialized_array_001.cpp;9;118;1
101;101;1;memory_leak_001.cpp;9;101;1
171;171;1;_timespec.h;150;171;1
839;839;1;stdlib.h#3;154;839;1
115;115;1;null_pointer_dereference_004.cpp;9;115;1
180;180;1;stdio.h#1;150;180;1
155;155;1;stddef.h;160;155;1
28;28;1;string.h;14;28;1
835;835;1;c++config.h;838;835;1
168;168;1;_endian.h;154;168;1
882;882;505;div;53;53;92
192;192;2;__uint_least16_t;153;153;162
1138;1138;3;null_pointer_dereference_002_global;110;110;6
679;679;505;_gets_r;10;10;452
577;577;505;fsetpos;10;10;234
1146;1146;5;uninitialized_array_002_N;125;125;15
446;446;2;in_port_t;166;166;60
486;486;2;pthread_key_t;175;175;19
905;905;505;mkstemp;53;53;128
531;531;2;vm_offset_t;176;176;59
647;647;505;_fflush_r;10;10;411
246;246;2;__nlink_t;164;164;209
619;619;505;pclose;10;10;344
221;221;2;__socklen_t;163;163;50
630;630;505;putc_unlocked;10;10;363
855;855;505;valloc;840;840;53
954;954;505;_lrand48_r;53;53;244
782;782;505;strlen;28;28;41
702;702;505;_ungetc_r;10;10;486
717;717;505;_vsiprintf_r;10;10;515
744;744;5;buffer_overflow_001_P1;5;5;20
830;830;505;getLowSensor;46;46;4
1099;1099;5;getLowSensor;62;62;11
695;695;505;_sniprintf_r;10;10;475
655;655;505;_fiscanf_r;10;10;425
416;416;2;uint64_t;167;167;60
710;710;505;_vfiscanf_r;10;10;501
869;869;505;abs;53;53;70
809;809;505;strnlen;28;28;119
765;765;505;rindex;751;751;65
522;522;2;timespec_t;176;176;25
664;664;505;_fputs_unlocked_r;10;10;436
438;438;2;__fd_mask;173;173;34
476;476;2;sbintime_t;166;166;220
714;714;505;_viscanf_r;10;10;509
1125;1125;505;uninitialized_array_001_N;70;70;23
1144;1144;5;uninitialized_array_001_N;118;118;16
552;552;505;setbuf;10;10;194
894;894;505;mblen;53;53;109
193;193;2;__int_least32_t;153;153;182
410;410;2;uint8_t;167;167;24
599;599;505;fiprintf;10;10;294
913;913;505;_mktemp_r;53;53;142
561;561;505;vsprintf;10;10;210
723;723;505;fpurge;10;10;530
613;613;505;viscanf;10;10;322
626;626;505;getchar_unlocked;10;10;359
663;663;505;_fputs_r;10;10;435
780;780;505;strcspn;28;28;39
931;931;505;l64a;53;53;195
709;709;505;_vfiprintf_r;10;10;499
1055;1055;63;div_t;844;844;51
963;963;505;initstate;53;53;257
758;758;505;ffs;751;751;54
470;470;2;ssize_t;166;166;184
776;776;505;strchr;28;28;35
1152;1152;2;S2;132;132;12
1153;1153;47;ptr;1152;132;13
646;646;505;_fdopen_r;10;10;410
628;628;505;ftrylockfile;10;10;361
490;490;2;__pthread_attr_t;175;175;20
491;491;47;__dummy;490;175;20
1114;1114;505;division_by_zero_002_N;70;70;12
826;826;5;division_by_zero_002_N;40;40;14
877;877;505;_atoi_r;53;53;82
901;901;505;_mbstowcs_r;53;53;116
829;829;505;getNullSensor;46;46;2
1098;1098;5;getNullSensor;62;62;7
188;188;2;__uint64_t;153;153;105
261;261;2;_Bigint;162;162;52
262;262;47;_next;261;162;54
263;263;47;_k;261;162;55
265;265;47;_sign;261;162;55
266;266;47;_wds;261;162;55
267;267;47;_x;261;162;56
264;264;47;_maxwds;261;162;55
1088;1088;5;a6;50;50;33
1117;1117;505;memory_leak_001;70;70;15
1134;1134;5;memory_leak_001;101;101;13
185;185;2;__int32_t;153;153;77
218;218;2;__ino_t;163;163;40
896;896;505;mbtowc;53;53;111
926;926;505;_strtol_r;53;53;172
757;757;505;explicit_bzero;751;751;51
795;795;505;strtok_r;28;28;60
677;677;505;_getchar_r;10;10;450
850;850;505;getprogname;840;840;20
961;961;505;srand48;53;53;253
736;736;505;__swbuf_r;10;10;578
534;534;2;addr_t;176;176;74
658;658;505;_freopen_r;10;10;429
234;234;2;_mbstate_t;164;164;162
235;235;47;__count;234;164;164
236;236;47;__value;234;164;169
237;237;2;<anonymous>;234;164;165
238;238;47;__wch;237;164;167
239;239;47;__wchb;237;164;168
1080;1080;63;wcstombs;844;844;80
1083;1083;2;list;50;50;26
1084;1084;47;next;1083;50;27
1129;1129;505;uninitialized_heap_001;70;70;27
1155;1155;5;uninitialized_heap_001;132;132;20
1145;1145;5;uninitialized_array_002_P;125;125;9
768;768;505;strcasecmp_l;751;751;71
1167;1167;5;value2;144;144;10
979;979;505;qsort_r;53;53;312
899;899;505;_wctomb_r;53;53;114
1062;1062;63;calloc;844;844;59
981;981;505;strtold;53;53;324
1116;1116;505;freeing_non_heap_memory_002_P;70;70;14
834;834;5;freeing_non_heap_memory_002_P;45;45;9
182;182;2;__uint8_t;153;153;43
1073;1073;63;rand;844;844;72
941;941;505;__utoa;53;53;225
807;807;505;strlcat;28;28;115
454;454;2;ulong;166;166;93
889;889;503;suboptarg;53;53;103
514;514;2;__pthread_rwlock_t;175;175;35
515;515;47;__dummy;514;175;35
1111;1111;505;buffer_overflow_005_N;70;70;9
819;819;5;buffer_overflow_005_N;33;33;13
420;420;2;uintptr_t;167;167;82
774;774;505;memset;28;28;33
980;980;505;_strtold_r;53;53;322
254;254;505;__cygwin_lock_fini;165;165;44
210;210;2;wint_t;155;155;357
831;831;505;getHighSensor;46;46;6
1100;1100;5;getHighSensor;62;62;15
243;243;2;__clockid_t;164;164;195
601;601;505;iprintf;10;10;298
437;437;2;sigset_t;173;173;20
401;401;503;_global_impure_ptr;162;162;820
964;964;505;random;53;53;258
699;699;505;_tempnam_r;10;10;483
1078;1078;63;strtoul;844;844;77
633;633;505;fmemopen;10;10;377
643;643;505;_dprintf_r;10;10;406
565;565;505;fputs;10;10;215
973;973;505;strtoull;53;53;273
666;666;505;_fread_unlocked_r;10;10;438
686;686;505;_putc_unlocked_r;10;10;462
422;422;505;__ntohs;168;168;24
424;424;5;__ntohs;168;168;34
700;700;505;_tmpfile_r;10;10;484
730;730;505;fflush_unlocked;10;10;539
219;219;2;__key_t;163;163;43
418;418;2;uintmax_t;167;167;72
641;641;505;_asprintf_r;10;10;402
659;659;505;_fprintf_r;10;10;430
953;953;505;lrand48;53;53;243
347;347;2;_rand48;162;162;324
348;348;47;_seed;347;162;325
349;349;47;_mult;347;162;326
350;350;47;_add;347;162;327
602;602;505;iscanf;10;10;300
759;759;505;ffsl;751;751;57
573;573;505;fread;10;10;223
897;897;505;_mbtowc_r;53;53;112
521;521;5;__bswap_64;177;177;29
223;223;2;__pid_t;164;164;52
523;523;2;timestruc_t;176;176;30
499;499;2;__pthread_cond_t;175;175;23
500;500;47;__dummy;499;175;23
638;638;505;_asiprintf_r;10;10;396
934;934;505;_Exit;53;53;202
184;184;2;__uint16_t;153;153;57
773;773;505;memmove;28;28;32
600;600;505;fiscanf;10;10;296
611;611;505;vfiscanf;10;10;318
421;421;505;__ntohl;168;168;23
423;423;5;__ntohl;168;168;27
459;459;2;caddr_t;166;166;123
748;748;5;buffer_overflow_003_N;23;23;12
563;563;505;fgets;10;10;213
542;542;2;fpos_t;10;10;71
946;946;505;_drand48_r;53;53;236
579;579;505;rewind;10;10;237
970;970;505;lldiv;53;53;268
1063;1063;63;div;844;844;60
1086;1086;2;z;50;50;29
1087;1087;47;l;1086;50;30
1119;1119;505;null_pointer_dereference_001_N;70;70;17
1137;1137;5;null_pointer_dereference_001_N;106;106;15
968;968;505;_atoll_r;53;53;265
417;417;2;intmax_t;167;167;67
943;943;505;utoa;53;53;228
1077;1077;63;strtol;844;844;76
1132;1132;5;main;69;69;3
863;863;2;lldiv_t;53;53;48
864;864;47;quot;863;53;50
865;865;47;rem;863;53;51
233;233;2;__ssize_t;164;164;158
581;581;505;feof;10;10;239
447;447;2;u_register_t;166;166;64
801;801;505;strdup;28;28;84
772;772;505;memcpy;28;28;31
1115;1115;505;freeing_non_heap_memory_001_P;70;70;13
827;827;5;freeing_non_heap_memory_001_P;43;43;6
651;651;505;_fgets_unlocked_r;10;10;415
571;571;505;puts;10;10;221
553;553;505;setvbuf;10;10;195
660;660;505;_fpurge_r;10;10;432
793;793;505;strerror_l;28;28;56
919;919;505;realpath;53;53;151
1069;1069;63;mblen;844;844;67
1075;1075;63;srand;844;844;74
883;883;505;exit;53;53;93
891;891;505;labs;53;53;106
635;635;505;vdprintf;10;10;381
453;453;2;uint;166;166;92
881;881;505;calloc;53;53;90
815;815;505;strtosigno;28;28;138
766;766;505;strcasecmp;751;751;67
595;595;505;asiprintf;10;10;284
984;984;505;quick_exit;53;53;336
737;737;505;funopen;10;10;586
949;949;505;jrand48;53;53;239
767;767;505;strncasecmp;751;751;68
683;683;505;_perror_r;10;10;458
548;548;505;tempnam;10;10;189
544;544;505;getdelim;180;180;36
771;771;505;memcmp;28;28;30
947;947;505;erand48;53;53;237
445;445;2;in_addr_t;166;166;55
694;694;505;_siscanf_r;10;10;473
343;343;2;_glue;162;162;296
346;346;47;_iobs;343;162;300
344;344;47;_next;343;162;298
345;345;47;_niobs;343;162;299
898;898;505;wctomb;53;53;113
604;604;505;siscanf;10;10;304
725;725;505;__getline;10;10;532
676;676;505;_getc_unlocked_r;10;10;449
874;874;505;atof;53;53;77
251;251;2;_LOCK_T;165;165;12
1118;1118;505;null_pointer_dereference_001_P;70;70;16
1136;1136;5;null_pointer_dereference_001_P;106;106;10
532;532;2;vm_size_t;176;176;64
215;215;2;__fsfilcnt_t;163;163;31
1079;1079;63;system;844;844;78
1108;1108;505;buffer_overflow_004_P;70;70;6
816;816;5;buffer_overflow_004_P;27;27;8
796;796;505;timingsafe_bcmp;28;28;63
805;805;505;strerror_r;28;28;100
788;788;505;strspn;28;28;47
791;791;505;strxfrm;28;28;52
1028;1028;61;__gnu_cxx;843;843;195
1033;1033;63;lldiv;1028;843;216
1031;1031;63;llabs;1028;843;210
1036;1036;63;strtoull;1028;843;229
1030;1030;63;_Exit;1028;843;206
1034;1034;63;atoll;1028;843;227
1035;1035;63;strtoll;1028;843;228
1037;1037;63;strtof;1028;843;231
1038;1038;63;strtold;1028;843;232
1029;1029;63;lldiv_t;1028;843;200
1032;1032;5;div;1028;843;213
1085;1085;2;z;50;50;31
444;444;505;pselect;173;173;79
756;756;505;bzero;751;751;48
557;557;505;scanf;10;10;202
925;925;505;strtol;53;53;171
1105;1105;505;buffer_overflow_002_P;70;70;3
745;745;5;buffer_overflow_002_P;20;20;6
1070;1070;63;mbstowcs;844;844;68
1072;1072;63;qsort;844;844;71
727;727;505;feof_unlocked;10;10;536
202;202;2;ptrdiff_t;155;155;149
466;466;2;uid_t;166;166;165
474;474;2;timer_t;166;166;205
551;551;505;freopen;10;10;193
691;691;505;_rename_r;10;10;467
787;787;505;strrchr;28;28;46
804;804;505;_strndup_r;28;28;90
878;878;505;atol;53;53;83
915;915;505;rand;53;53;144
1058;1058;63;atof;844;844;55
504;504;2;pthread_barrier_t;175;175;25
240;240;2;_iconv_t;164;164;175
1053;1053;63;at_quick_exit;844;844;43
621;621;505;setbuffer;10;10;349
860;860;2;ldiv_t;53;53;41
861;861;47;quot;860;53;43
862;862;47;rem;860;53;44
764;764;505;index;751;751;64
1076;1076;63;strtod;844;844;75
248;248;2;__useconds_t;164;164;211
426;426;2;suseconds_t;170;170;37
562;562;505;fgetc;10;10;212
226;226;2;_off64_t;164;164;96
1106;1106;505;buffer_overflow_002_N;70;70;4
746;746;5;buffer_overflow_002_N;20;20;15
648;648;505;_fgetc_r;10;10;412
560;560;505;vprintf;10;10;208
407;407;2;u_int64_t;166;166;37
620;620;505;popen;10;10;345
875;875;505;atoff;53;53;79
225;225;2;__mode_t;164;164;90
701;701;505;_tmpnam_r;10;10;485
1124;1124;505;uninitialized_array_001_P;70;70;22
1143;1143;5;uninitialized_array_001_P;118;118;9
715;715;505;_vprintf_r;10;10;511
590;590;505;snprintf;10;10;266
1128;1128;505;uninitialized_array_003_N;70;70;26
1149;1149;5;uninitialized_array_003_N;129;129;13
712;712;505;_vfscanf_r;10;10;505
657;657;505;_fopen_r;10;10;428
1061;1061;63;bsearch;844;844;58
468;468;2;pid_t;166;166;174
464;464;2;off_t;166;166;157
645;645;505;_fcloseall_r;10;10;409
603;603;505;siprintf;10;10;302
566;566;505;getc;10;10;216
252;252;505;__cygwin_lock_init;165;165;42
550;550;505;fflush;10;10;192
794;794;505;strxfrm_l;28;28;57
624;624;505;putw;10;10;355
670;670;505;_ftell_r;10;10;443
729;729;505;fileno_unlocked;10;10;538
832;832;505;freeing_non_heap_memory_002_free;46;46;8
1101;1101;5;freeing_non_heap_memory_002_free;62;62;25
908;908;505;_mkdtemp_r;53;53;137
1103;1103;505;buffer_overflow_001_P;70;70;1
742;742;5;buffer_overflow_001_P;5;5;8
257;257;505;__cygwin_lock_unlock;165;165;47
673;673;505;_fwrite_r;10;10;446
574;574;505;fwrite;10;10;224
920;920;505;rpmatch;53;53;154
191;191;2;__int_least16_t;153;153;160
731;731;505;fgetc_unlocked;10;10;540
872;872;505;arc4random_buf;53;53;74
211;211;2;__blkcnt_t;163;163;17
428;428;2;timeval;170;170;54
429;429;47;tv_sec;428;170;55
430;430;47;tv_usec;428;170;56
868;868;505;abort;53;53;69
852;852;505;unsetenv;840;840;27
409;409;2;int8_t;167;167;20
425;425;2;__sigset_t;169;169;41
916;916;505;realloc;53;53;145
452;452;2;ushort;166;166;91
1064;1064;63;free;844;844;61
582;582;505;ferror;10;10;240
414;414;2;uint32_t;167;167;48
535;535;505;gnu_dev_major;179;179;14
538;538;5;gnu_dev_major;179;179;19
510;510;2;pthread_spinlock_t;175;175;34
268;268;2;__tm;162;162;60
269;269;47;__tm_sec;268;162;62
270;270;47;__tm_min;268;162;63
271;271;47;__tm_hour;268;162;64
272;272;47;__tm_mday;268;162;65
273;273;47;__tm_mon;268;162;66
274;274;47;__tm_year;268;162;67
276;276;47;__tm_yday;268;162;69
275;275;47;__tm_wday;268;162;68
277;277;47;__tm_isdst;268;162;70
692;692;505;_scanf_r;10;10;469
288;288;2;__sbuf;162;162;122
289;289;47;_base;288;162;123
290;290;47;_size;288;162;124
912;912;505;_mkstemps_r;53;53;141
1150;1150;2;S1;132;132;8
1151;1151;47;x;1150;132;9
1154;1154;5;foo;132;132;16
461;461;2;fsfilcnt_t;166;166;129
475;475;2;useconds_t;166;166;211
615;615;505;vsiscanf;10;10;326
929;929;505;system;53;53;191
608;608;505;vasnprintf;10;10;312
1135;1135;3;null_pointer_dereference_001_global;106;106;8
775;775;505;strcat;28;28;34
614;614;505;vsiprintf;10;10;324
564;564;505;fputc;10;10;214
1074;1074;63;realloc;844;844;73
975;975;505;posix_memalign;53;53;288
259;259;502;_reent;162;162;43
351;351;2;_reent;162;162;613
397;397;47;_sig_func;351;162;685
353;353;47;_stdin;351;162;620
361;361;47;__cleanup;351;162;631
396;396;47;_atexit0;351;162;681
395;395;47;_atexit;351;162;680
367;367;47;_cvtbuf;351;162;641
355;355;47;_stderr;351;162;620
359;359;47;_locale;351;162;627
352;352;47;_errno;351;162;615
356;356;47;_inc;351;162;622
358;358;47;_unspecified_locale_info;351;162;626
362;362;47;_result;351;162;634
366;366;47;_cvtlen;351;162;640
398;398;47;__sglue;351;162;690
360;360;47;__sdidinit;351;162;629
363;363;47;_result_k;351;162;635
368;368;47;_new;351;162;676
354;354;47;_stdout;351;162;620
365;365;47;_freelist;351;162;637
364;364;47;_p5s;351;162;636
369;369;2;<anonymous>;351;162;643
370;370;47;_reent;369;162;666
392;392;2;<anonymous>;369;162;670
393;393;47;_nextf;392;162;673
394;394;47;_nmalloc;392;162;674
371;371;2;<anonymous>;369;162;645
385;385;47;_mbrlen_state;371;162;660
373;373;47;_strtok_last;371;162;648
376;376;47;_gamma_signgam;371;162;651
380;380;47;_mbtowc_state;371;162;655
372;372;47;_unused_rand;371;162;647
381;381;47;_wctomb_state;371;162;656
384;384;47;_getdate_err;371;162;659
377;377;47;_rand_next;371;162;652
375;375;47;_localtime_buf;371;162;650
383;383;47;_signal_buf;371;162;658
379;379;47;_mblen_state;371;162;654
382;382;47;_l64a_buf;371;162;657
386;386;47;_mbrtowc_state;371;162;661
387;387;47;_mbsrtowcs_state;371;162;662
389;389;47;_wcsrtombs_state;371;162;664
390;390;47;_h_errno;371;162;665
374;374;47;_asctime_buf;371;162;649
388;388;47;_wcrtomb_state;371;162;663
378;378;47;_r48;371;162;653
391;391;47;_unused;369;162;675
357;357;47;_emergency;351;162;623
399;399;47;__sf;351;162;692
857;857;2;div_t;53;53;35
858;858;47;quot;857;53;37
859;859;47;rem;857;53;38
580;580;505;clearerr;10;10;238
1163;1163;3;z;139;139;11
653;653;505;_fsetpos_r;10;10;421
480;480;2;pthread_t;175;175;16
408;408;2;register_t;166;166;39
798;798;505;memccpy;28;28;67
1054;1054;63;quick_exit;844;844;46
639;639;505;_asniprintf_r;10;10;398
214;214;2;__fsblkcnt_t;163;163;27
939;939;505;_setenv_r;53;53;212
622;622;505;setlinebuf;10;10;350
441;441;2;fd_set;173;173;48
442;442;47;__fds_bits;441;173;49
800;800;505;stpncpy;28;28;77
978;978;505;__eprintf;53;53;302
1068;1068;63;malloc;844;844;65
719;719;505;_vsniprintf_r;10;10;519
711;711;505;_vfprintf_r;10;10;503
697;697;505;_sprintf_r;10;10;479
186;186;2;__uint32_t;153;153;79
568;568;505;gets;10;10;218
576;576;505;fseek;10;10;230
684;684;505;_printf_r;10;10;459
213;213;2;__dev_t;163;163;23
400;400;503;_impure_ptr;162;162;819
455;455;2;blkcnt_t;166;166;97
733;733;505;fread_unlocked;10;10;542
189;189;2;__int_least8_t;153;153;134
547;547;505;tmpnam;10;10;187
668;668;505;_fseek_r;10;10;441
253;253;505;__cygwin_lock_init_recursive;165;165;43
681;681;505;_iscanf_r;10;10;455
739;739;505;__sgetc_r;10;10;667
740;740;5;__sgetc_r;10;10;669
760;760;505;ffsll;751;751;58
890;890;505;getsubopt;53;53;104
902;902;505;wcstombs;53;53;117
1039;1039;61;std;843;843;237
995;995;61;std;843;843;123
985;985;61;std;841;841;48
845;845;61;std;835;835;229
1025;1025;63;wcstombs;995;843;171
1042;1042;63;llabs;1039;843;244
1003;1003;63;atol;995;843;142
1020;1020;63;srand;995;843;165
1048;1048;63;strtoull;1039;843;251
1013;1013;63;mblen;995;843;153
1046;1046;63;strtof;1039;843;249
993;993;5;abs;985;841;84
988;988;5;abs;985;841;61
1007;1007;63;exit;995;843;146
1004;1004;63;bsearch;995;843;143
991;991;5;abs;985;841;74
1005;1005;63;calloc;995;843;144
1047;1047;63;strtoll;1039;843;250
1027;1027;5;div;995;843;177
1018;1018;63;rand;995;843;163
997;997;63;ldiv_t;995;843;128
1015;1015;63;mbtowc;995;843;155
1049;1049;63;strtold;1039;843;252
987;987;5;abs;985;841;56
999;999;63;atexit;995;843;134
990;990;5;abs;985;841;70
1040;1040;63;lldiv_t;1039;843;240
998;998;63;abort;995;843;130
1008;1008;63;free;995;843;147
1011;1011;63;ldiv;995;843;150
1023;1023;63;strtoul;995;843;168
1024;1024;63;system;995;843;169
1026;1026;63;wctomb;995;843;172
1041;1041;63;_Exit;1039;843;242
986;986;63;abs;985;841;52
1014;1014;63;mbstowcs;995;843;154
1044;1044;63;lldiv;1039;843;246
996;996;63;div_t;995;843;127
1016;1016;63;qsort;995;843;157
1019;1019;63;realloc;995;843;164
994;994;5;abs;985;841;102
992;992;5;abs;985;841;78
1002;1002;63;atoi;995;843;141
847;847;2;ptrdiff_t;845;835;232
1045;1045;63;atoll;1039;843;248
1017;1017;63;quick_exit;995;843;160
1001;1001;63;atof;995;843;140
1012;1012;63;malloc;995;843;151
1043;1043;63;div;1039;843;245
1006;1006;63;div;995;843;145
846;846;2;size_t;845;835;231
1000;1000;63;at_quick_exit;995;843;137
1009;1009;63;getenv;995;843;148
1010;1010;63;labs;995;843;149
1021;1021;63;strtod;995;843;166
848;848;2;nullptr_t;845;835;235
1022;1022;63;strtol;995;843;167
936;936;505;_putenv_r;53;53;207
1066;1066;63;labs;844;844;63
434;434;2;itimerspec;172;172;58
436;436;47;it_value;434;172;60
435;435;47;it_interval;434;172;59
541;541;2;FILE;10;10;66
458;458;2;daddr_t;166;166;119
469;469;2;key_t;166;166;179
870;870;505;arc4random;53;53;72
667;667;505;_fscanf_r;10;10;439
708;708;505;_vdprintf_r;10;10;497
1122;1122;505;null_pointer_dereference_003_P;70;70;20
1141;1141;5;null_pointer_dereference_003_P;113;113;8
1126;1126;505;uninitialized_array_002;70;70;24
1147;1147;5;uninitialized_array_002;125;125;21
245;245;2;__nl_item;164;164;208
520;520;5;__bswap_32;177;177;23
637;637;505;renameat2;10;10;388
212;212;2;__blksize_t;163;163;20
685;685;505;_putc_r;10;10;461
911;911;505;_mkstemp_r;53;53;140
937;937;505;_reallocf_r;53;53;208
690;690;505;_remove_r;10;10;466
196;196;2;__uint_least64_t;153;153;202
405;405;2;u_int16_t;166;166;31
228;228;2;__loff_t;164;164;105
513;513;2;pthread_rwlock_t;175;175;35
669;669;505;_fseeko_r;10;10;442
705;705;505;_vasnprintf_r;10;10;491
761;761;505;fls;751;751;59
886;886;505;_getenv_r;53;53;96
892;892;505;ldiv;53;53;107
465;465;2;dev_t;166;166;161
942;942;505;itoa;53;53;227
703;703;505;_vasiprintf_r;10;10;487
966;966;505;srandom;53;53;260
976;976;505;_dtoa_r;53;53;292
662;662;505;_fputc_unlocked_r;10;10;434
644;644;505;_fclose_r;10;10;408
1094;1094;503;g_localSensorData;1093;1093;1
1096;1096;3;g_localSensorData;62;62;4
918;918;505;reallocf;53;53;148
921;921;505;srand;53;53;159
713;713;505;_viprintf_r;10;10;507
554;554;505;fprintf;10;10;196
463;463;2;ino_t;166;166;139
722;722;505;_vsscanf_r;10;10;525
806;806;505;_strerror_r;28;28;112
227;227;2;__off_t;164;164;102
404;404;2;u_int8_t;166;166;28
672;672;505;_rewind_r;10;10;445
704;704;505;_vasniprintf_r;10;10;489
755;755;505;bcopy;751;751;47
610;610;505;vfiprintf;10;10;316
789;789;505;strstr;28;28;48
948;948;505;_erand48_r;53;53;238
956;956;505;_mrand48_r;53;53;246
969;969;505;llabs;53;53;267
974;974;505;_strtoull_r;53;53;275
605;605;505;sniprintf;10;10;306
654;654;505;_fiprintf_r;10;10;423
821;821;505;compute_mean;37;37;3
1090;1090;5;compute_mean;52;52;17
678;678;505;_getchar_unlocked_r;10;10;451
962;962;505;_srand48_r;53;53;254
1104;1104;505;buffer_overflow_001_N;70;70;2
743;743;5;buffer_overflow_001_N;5;5;14
585;585;505;sprintf;10;10;244
451;451;2;u_long;166;166;83
543;543;505;getline;180;180;35
631;631;505;putchar_unlocked;10;10;364
763;763;505;flsll;751;751;61
823;823;505;memory_leak_001_assign;37;37;5
1092;1092;5;memory_leak_001_assign;52;52;31
199;199;2;__intptr_t;153;153;230
909;909;505;_mkostemp_r;53;53;138
198;198;2;__uintmax_t;153;153;222
927;927;505;strtoul;53;53;173
958;958;505;_nrand48_r;53;53;248
1127;1127;505;uninitialized_array_003_P;70;70;25
1148;1148;5;uninitialized_array_003_P;129;129;6
706;706;505;_vasprintf_r;10;10;493
1130;1130;505;value_unused_001_P;70;70;28
1168;1168;5;value_unused_001_P;144;144;14
440;440;2;fd_set;173;173;50
1082;1082;2;list;50;50;28
802;802;505;_strdup_r;28;28;86
720;720;505;_vsnprintf_r;10;10;521
496;496;2;__pthread_condattr_t;175;175;22
497;497;47;__dummy;496;175;22
190;190;2;__uint_least8_t;153;153;136
406;406;2;u_int32_t;166;166;34
460;460;2;fsblkcnt_t;166;166;128
606;606;505;vasiprintf;10;10;308
687;687;505;_putchar_unlocked_r;10;10;463
201;201;2;size_t;155;155;216
456;456;2;blksize_t;166;166;102
467;467;2;gid_t;166;166;169
247;247;2;__suseconds_t;164;164;210
732;732;505;fputc_unlocked;10;10;541
462;462;2;id_t;166;166;134
871;871;505;arc4random_uniform;53;53;73
524;524;2;loff_t;176;176;33
232;232;2;_ssize_t;164;164;147
924;924;505;strtof;53;53;163
187;187;2;__int64_t;153;153;103
1110;1110;505;buffer_overflow_005_P;70;70;8
818;818;5;buffer_overflow_005_P;33;33;6
955;955;505;mrand48;53;53;245
1065;1065;63;getenv;844;844;62
682;682;505;_open_memstream_r;10;10;457
591;591;505;vsnprintf;10;10;268
493;493;2;__pthread_mutexattr_t;175;175;21
494;494;47;__dummy;493;175;21
640;640;505;_asnprintf_r;10;10;400
728;728;505;ferror_unlocked;10;10;537
781;781;505;strerror;28;28;40
803;803;505;strndup;28;28;88
866;866;2;__compar_fn_t;53;53;57
900;900;505;mbstowcs;53;53;115
1166;1166;5;value1;144;144;6
578;578;505;ftell;10;10;236
1165;1165;5;uninitialized_variable_002;139;139;22
989;989;5;__builtin_llabs;3;3;0
229;229;2;_fpos_t;164;164;116
431;431;2;timespec;171;171;47
432;432;47;tv_sec;431;171;48
433;433;47;tv_nsec;431;171;49
784;784;505;strncmp;28;28;43
625;625;505;getc_unlocked;10;10;358
617;617;505;fdopen;10;10;339
439;439;2;fd_mask;173;173;36
792;792;505;strcoll_l;28;28;55
316;316;2;__sFILE64;162;162;244
335;335;47;_lb;316;162;276
332;332;47;_ur;316;162;269
327;327;47;_write;316;162;260
319;319;47;_w;316;162;247
334;334;47;_nbuf;316;162;273
318;318;47;_r;316;162;246
325;325;47;_cookie;316;162;256
329;329;47;_close;316;162;264
324;324;47;_data;316;162;253
326;326;47;_read;316;162;258
337;337;47;_flags2;316;162;280
340;340;47;_lock;316;162;286
339;339;47;_seek64;316;162;283
321;321;47;_file;316;162;249
338;338;47;_offset;316;162;282
341;341;47;_mbstate;316;162;288
331;331;47;_up;316;162;268
317;317;47;_p;316;162;245
322;322;47;_bf;316;162;250
328;328;47;_seek;316;162;263
333;333;47;_ubuf;316;162;272
320;320;47;_flags;316;162;248
330;330;47;_ub;316;162;267
336;336;47;_blksize;316;162;279
323;323;47;_lbfsize;316;162;251
689;689;505;_puts_r;10;10;465
707;707;505;_vdiprintf_r;10;10;495
291;291;2;__sFILE;162;162;186
300;300;47;_read;291;162;202
306;306;47;_ur;291;162;213
309;309;47;_lb;291;162;220
301;301;47;_write;291;162;204
313;313;47;_lock;291;162;231
315;315;47;_flags2;291;162;234
296;296;47;_file;291;162;191
311;311;47;_offset;291;162;224
314;314;47;_mbstate;291;162;233
294;294;47;_w;291;162;189
305;305;47;_up;291;162;212
308;308;47;_nbuf;291;162;217
292;292;47;_p;291;162;187
297;297;47;_bf;291;162;192
302;302;47;_seek;291;162;207
307;307;47;_ubuf;291;162;216
295;295;47;_flags;291;162;190
293;293;47;_r;291;162;188
304;304;47;_ub;291;162;211
299;299;47;_cookie;291;162;200
303;303;47;_close;291;162;208
310;310;47;_blksize;291;162;223
298;298;47;_lbfsize;291;162;193
312;312;47;_data;291;162;227
207;207;2;__gnuc_va_list;161;161;40
489;489;2;pthread_attr_t;175;175;20
930;930;505;a64l;53;53;194
220;220;2;__sa_family_t;163;163;46
1056;1056;63;ldiv_t;844;844;52
612;612;505;viprintf;10;10;320
879;879;505;_atol_r;53;53;84
498;498;2;pthread_cond_t;175;175;23
501;501;2;pthread_barrierattr_t;175;175;24
808;808;505;strlcpy;28;28;116
224;224;2;__id_t;164;164;67
642;642;505;_diprintf_r;10;10;404
923;923;505;_strtod_r;53;53;161
671;671;505;_ftello_r;10;10;444
959;959;505;seed48;53;53;250
967;967;505;atoll;53;53;263
197;197;2;__intmax_t;153;153;214
627;627;505;flockfile;10;10;360
634;634;505;open_memstream;10;10;380
473;473;2;clockid_t;166;166;199
1051;1051;63;atexit;844;844;39
903;903;505;_wcstombs_r;53;53;118
597;597;505;asnprintf;10;10;288
1067;1067;63;ldiv;844;844;64
1081;1081;63;wctomb;844;844;81
222;222;2;_off_t;164;164;46
693;693;505;_siprintf_r;10;10;471
242;242;2;__time_t;164;164;189
483;483;2;pthread_mutex_t;175;175;17
558;558;505;sscanf;10;10;204
546;546;505;tmpfile;10;10;186
592;592;505;vfscanf;10;10;270
583;583;505;perror;10;10;241
777;777;505;strcmp;28;28;36
887;887;505;_findenv;53;53;100
1123;1123;505;null_pointer_dereference_004_P;70;70;21
1142;1142;5;null_pointer_dereference_004_P;115;115;8
1164;1164;5;init_struct;139;139;13
888;888;505;_findenv_r;53;53;101
1059;1059;63;atoi;844;844;56
656;656;505;_fmemopen_r;10;10;427
675;675;505;_getc_r;10;10;448
545;545;505;ctermid;10;10;181
786;786;505;strpbrk;28;28;45
419;419;2;intptr_t;167;167;77
596;596;505;asniprintf;10;10;286
194;194;2;__uint_least32_t;153;153;184
216;216;2;__uid_t;163;163;34
726;726;505;clearerr_unlocked;10;10;535
853;853;505;clearenv;840;840;30
906;906;505;mkstemps;53;53;131
718;718;505;_vsiscanf_r;10;10;517
244;244;2;__timer_t;164;164;198
411;411;2;int16_t;167;167;32
517;517;2;__pthread_rwlockattr_t;175;175;36
518;518;47;__dummy;517;175;36
972;972;505;_strtoll_r;53;53;271
785;785;505;strncpy;28;28;44
632;632;505;dprintf;10;10;374
505;505;2;__pthread_barrier_t;175;175;25
506;506;47;__dummy;505;175;25
873;873;505;atexit;53;53;76
907;907;505;mktemp;53;53;134
1133;1133;5;memory_leak_001_free;101;101;9
917;917;505;reallocarray;53;53;147
250;250;2;__ULong;162;162;25
209;209;2;va_list;10;10;46
555;555;505;fscanf;10;10;198
477;477;2;__cpu_mask;174;174;16
960;960;505;_seed48_r;53;53;252
971;971;505;strtoll;53;53;269
1060;1060;63;atol;844;844;57
575;575;505;fgetpos;10;10;228
779;779;505;strcpy;28;28;38
914;914;505;qsort;53;53;143
556;556;505;printf;10;10;200
1052;1052;63;exit;844;844;40
1121;1121;505;null_pointer_dereference_002_N;70;70;19
1140;1140;5;null_pointer_dereference_002_N;110;110;22
403;403;505;__getreent;162;162;828
938;938;505;setenv;53;53;210
945;945;505;drand48;53;53;235
754;754;505;bcmp;751;751;46
586;586;505;remove;10;10;246
208;208;2;__builtin_va_list;3;3;0
810;810;505;strsep;28;28;122
665;665;505;_fread_r;10;10;437
255;255;505;__cygwin_lock_lock;165;165;45
471;471;2;mode_t;166;166;189
922;922;505;strtod;53;53;160
977;977;505;_system_r;53;53;300
1160;1160;2;s;139;139;6
1162;1162;47;b;1160;139;8
1161;1161;47;a;1160;139;7
427;427;2;time_t;170;170;42
241;241;2;__clock_t;164;164;182
258;258;2;_flock_t;162;162;35
415;415;2;int64_t;167;167;56
570;570;505;putchar;10;10;220
983;983;505;at_quick_exit;53;53;334
256;256;505;__cygwin_lock_trylock;165;165;46
698;698;505;_sscanf_r;10;10;481
181;181;2;__int8_t;153;153;41
549;549;505;fclose;10;10;191
492;492;2;pthread_mutexattr_t;175;175;21
217;217;2;__gid_t;163;163;37
457;457;2;clock_t;166;166;107
814;814;505;strsignal;28;28;134
982;982;505;aligned_alloc;53;53;332
1050;1050;63;abort;844;844;38
183;183;2;__int16_t;153;153;55
940;940;505;__itoa;53;53;224
820;820;505;returnSensorData;37;37;2
1089;1089;5;returnSensorData;52;52;5
851;851;505;setprogname;840;840;21
856;856;505;getloadavg;840;840;84
753;753;2;locale_t;750;750;10
569;569;505;putc;10;10;219
203;203;2;max_align_t;155;155;426
204;204;47;__max_align_ll;203;155;427
205;205;47;__max_align_ld;203;155;428
910;910;505;_mkostemps_r;53;53;139
478;478;2;cpu_set_t;174;174;24
479;479;47;__bits;478;174;26
413;413;2;int32_t;167;167;44
607;607;505;vasniprintf;10;10;310
957;957;505;nrand48;53;53;247
636;636;505;renameat;10;10;386
507;507;2;pthread_once_t;175;175;28
508;508;47;mutex;507;175;30
509;509;47;state;507;175;31
734;734;505;fwrite_unlocked;10;10;543
867;867;505;__locale_mb_cur_max;53;53;65
450;450;2;u_int;166;166;79
649;649;505;_fgetc_unlocked_r;10;10;413
752;752;502;__locale_t;750;750;9
260;260;502;__locale_t;162;162;45
618;618;505;fileno;10;10;341
828;828;5;delete[];3;3;0
880;880;505;bsearch;53;53;85
951;951;505;lcong48;53;53;241
933;933;505;on_exit;53;53;199
519;519;5;__bswap_16;177;177;17
495;495;2;pthread_condattr_t;175;175;22
559;559;505;vfprintf;10;10;206
799;799;505;stpcpy;28;28;76
895;895;505;_mblen_r;53;53;110
206;206;2;nullptr_t;155;155;444
230;230;2;_fpos64_t;164;164;122
928;928;505;_strtoul_r;53;53;174
481;481;2;__pthread_t;175;175;16
482;482;47;__dummy;481;175;16
893;893;505;malloc;53;53;108
735;735;505;__srget_r;10;10;577
502;502;2;__pthread_barrierattr_t;175;175;24
503;503;47;__dummy;502;175;24
572;572;505;ungetc;10;10;222
278;278;2;_on_exit_args;162;162;79
281;281;47;_fntypes;278;162;83
282;282;47;_is_cxa;278;162;86
279;279;47;_fnargs;278;162;80
280;280;47;_dso_handle;278;162;81
674;674;505;_fwrite_unlocked_r;10;10;447
854;854;505;memalign;840;840;51
769;769;505;strncasecmp_l;751;751;72
944;944;505;rand_r;53;53;231
587;587;505;rename;10;10;247
484;484;2;__pthread_mutex_t;175;175;17
485;485;47;__dummy;484;175;17
516;516;2;pthread_rwlockattr_t;175;175;36
594;594;505;vsscanf;10;10;274
680;680;505;_iprintf_r;10;10;453
449;449;2;u_short;166;166;75
952;952;505;_lcong48_r;53;53;242
1131;1131;505;value_unused_001_N;70;70;29
1169;1169;5;value_unused_001_N;144;144;22
790;790;505;strtok;28;28;50
812;812;505;strlwr;28;28;129
588;588;505;fseeko;10;10;257
623;623;505;getw;10;10;354
650;650;505;_fgets_r;10;10;414
932;932;505;_l64a_r;53;53;196
738;738;505;_funopen_r;10;10;593
904;904;505;mkdtemp;53;53;121
849;849;505;mkdtemp;839;839;15
402;402;505;_reclaim_reent;162;162;822
797;797;505;timingsafe_memcmp;28;28;64
593;593;505;vscanf;10;10;272
1071;1071;63;mbtowc;844;844;69
950;950;505;_jrand48_r;53;53;240
200;200;2;__uintptr_t;153;153;232
741;741;5;__sputc_r;10;10;687
716;716;505;_vscanf_r;10;10;513
283;283;2;_atexit;162;162;98
284;284;47;_next;283;162;99
287;287;47;_on_exit_args;283;162;103
285;285;47;_ind;283;162;100
286;286;47;_fns;283;162;102
724;724;505;__getdelim;10;10;531
443;443;505;select;173;173;76
822;822;505;sub_call_freeing_non_heap_memory_002_free;37;37;4
1091;1091;5;sub_call_freeing_non_heap_memory_002_free;52;52;26
884;884;505;free;53;53;94
885;885;505;getenv;53;53;95
533;533;2;vm_object_t;176;176;69
231;231;2;__size_t;164;164;131
537;537;505;gnu_dev_makedev;179;179;16
540;540;5;gnu_dev_makedev;179;179;31
616;616;505;vsniprintf;10;10;328
598;598;505;diprintf;10;10;291
783;783;505;strncat;28;28;42
762;762;505;flsl;751;751;60
813;813;505;strupr;28;28;130
609;609;505;vdiprintf;10;10;314
342;342;2;__FILE;162;162;290
448;448;2;u_char;166;166;71
536;536;505;gnu_dev_minor;179;179;15
539;539;5;gnu_dev_minor;179;179;25
778;778;505;strcoll;28;28;37
1057;1057;63;abs;844;844;54
652;652;505;_fgetpos_r;10;10;420
770;770;505;memchr;28;28;29
1156;1156;46;C;135;135;6
1157;1157;47;i;1156;135;7
1158;1158;47;j;1156;135;8
1159;1159;48;C;1156;135;10
511;511;2;__pthread_spinlock_t;175;175;34
512;512;47;__dummy;511;175;34
589;589;505;ftello;10;10;258
876;876;505;atoi;53;53;81
696;696;505;_snprintf_r;10;10;477
1109;1109;505;buffer_overflow_004_N;70;70;7
817;817;5;buffer_overflow_004_N;27;27;16
567;567;505;getchar;10;10;217
472;472;2;nlink_t;166;166;194
249;249;2;__va_list;164;164;219
584;584;505;fopen;10;10;243
747;747;5;buffer_overflow_003_P;23;23;6
811;811;505;strnstr;28;28;125
195;195;2;__int_least64_t;153;153;200
688;688;505;_putchar_r;10;10;464
721;721;505;_vsprintf_r;10;10;523
661;661;505;_fputc_r;10;10;433
1112;1112;505;division_by_zero_001_P;70;70;10
824;824;5;division_by_zero_001_P;36;36;8
833;833;505;xmalloc;46;46;10
1102;1102;5;xmalloc;62;62;30
1095;1095;503;g_suppSensorData;1093;1093;2
1097;1097;3;g_suppSensorData;62;62;5
935;935;505;putenv;53;53;205
629;629;505;funlockfile;10;10;362
1107;1107;505;buffer_overflow_003;70;70;5
749;749;5;buffer_overflow_003;23;23;20
1120;1120;505;null_pointer_dereference_002_P;70;70;18
1139;1139;5;null_pointer_dereference_002_P;110;110;8
965;965;505;setstate;53;53;259
412;412;2;uint16_t;167;167;36
1113;1113;505;division_by_zero_002_P;70;70;11
825;825;5;division_by_zero_002_P;40;40;6
487;487;2;__pthread_key_t;175;175;19
488;488;47;__dummy;487;175;19
525;525;2;flock;176;176;46
527;527;47;l_whence;525;176;48
526;526;47;l_type;525;176;47
530;530;47;l_pid;525;176;51
528;528;47;l_start;525;176;49
529;529;47;l_len;525;176;50
